1727456210.983395,s1_0-eth4,0.00,0.00,0.00,0,0,0.00,0.00,0.00,0,0,0.00,0.00,0,0
1727456211.984365,s1_0-eth4,83871.00,0.00,83871.00,0,83871,65.00,0.00,65.00,0,65,0.00,0.00,0,0
1727456212.985100,s1_0-eth4,119322.00,0.00,119322.00,0,119322,88.00,0.00,88.00,0,88,0.00,0.00,0,0
1727456213.985991,s1_0-eth4,111706.00,0.00,111706.00,0,111706,79.00,0.00,79.00,0,79,0.00,0.00,0,0
1727456214.987948,s1_0-eth4,115707.30,0.00,115707.30,0,115823,104.90,0.00,104.90,0,105,0.00,0.00,0,0
1727456215.989288,s1_0-eth4,98881.12,0.00,98881.12,0,98980,69.93,0.00,69.93,0,70,0.00,0.00,0,0
1727456216.989692,s1_0-eth4,90950.00,0.00,90950.00,0,90950,69.00,0.00,69.00,0,69,0.00,0.00,0,0
1727456217.991468,s1_0-eth4,125956.05,0.00,125956.05,0,126082,105.89,0.00,105.89,0,106,0.00,0.00,0,0
1727456218.994576,s1_0-eth4,90225.33,0.00,90225.33,0,90496,63.81,0.00,63.81,0,64,0.00,0.00,0,0
1727456219.997851,s1_0-eth4,97445.66,0.00,97445.66,0,97738,70.79,0.00,70.79,0,71,0.00,0.00,0,0
1727456220.999383,s1_0-eth4,124546.45,0.00,124546.45,0,124671,90.91,0.00,90.91,0,91,0.00,0.00,0,0
1727456221.999905,s1_0-eth4,95003.00,0.00,95003.00,0,95003,80.00,0.00,80.00,0,80,0.00,0.00,0,0
1727456223.000384,s1_0-eth4,101544.46,0.00,101544.46,0,101646,84.92,0.00,84.92,0,85,0.00,0.00,0,0
1727456224.000888,s1_0-eth4,117500.00,0.00,117500.00,0,117500,103.00,0.00,103.00,0,103,0.00,0.00,0,0
1727456225.001361,s1_0-eth4,121604.00,0.00,121604.00,0,121604,86.00,0.00,86.00,0,86,0.00,0.00,0,0
1727456226.002801,s1_0-eth4,94410.59,0.00,94410.59,0,94505,81.92,0.00,81.92,0,82,0.00,0.00,0,0
1727456227.003266,s1_0-eth4,119423.00,0.00,119423.00,0,119423,93.00,0.00,93.00,0,93,0.00,0.00,0,0
1727456228.003772,s1_0-eth4,119777.00,0.00,119777.00,0,119777,98.00,0.00,98.00,0,98,0.00,0.00,0,0
1727456229.004915,s1_0-eth4,105354.65,0.00,105354.65,0,105460,81.92,0.00,81.92,0,82,0.00,0.00,0,0
1727456230.005695,s1_0-eth4,90702.00,0.00,90702.00,0,90702,66.00,0.00,66.00,0,66,0.00,0.00,0,0
1727456231.006919,s1_0-eth4,104120.88,0.00,104120.88,0,104225,81.92,0.00,81.92,0,82,0.00,0.00,0,0
1727456232.007563,s1_0-eth4,114806.00,0.00,114806.00,0,114806,85.00,0.00,85.00,0,85,0.00,0.00,0,0
1727456233.008683,s1_0-eth4,73727.27,0.00,73727.27,0,73801,71.93,0.00,71.93,0,72,0.00,0.00,0,0
1727456234.009111,s1_0-eth4,104768.00,0.00,104768.00,0,104768,76.00,0.00,76.00,0,76,0.00,0.00,0,0
1727456235.009664,s1_0-eth4,89255.00,0.00,89255.00,0,89255,65.00,0.00,65.00,0,65,0.00,0.00,0,0
1727456236.010595,s1_0-eth4,105130.00,0.00,105130.00,0,105130,79.00,0.00,79.00,0,79,0.00,0.00,0,0
1727456237.014306,s1_0-eth4,105969.09,0.00,105969.09,0,106287,96.71,0.00,96.71,0,97,0.00,0.00,0,0
1727456238.015274,s1_0-eth4,76290.00,0.00,76290.00,0,76290,65.00,0.00,65.00,0,65,0.00,0.00,0,0
1727456239.015861,s1_0-eth4,86630.00,0.00,86630.00,0,86630,66.00,0.00,66.00,0,66,0.00,0.00,0,0
1727456240.018188,s1_0-eth4,115980.05,0.00,115980.05,0,116212,85.83,0.00,85.83,0,86,0.00,0.00,0,0
1727456241.020308,s1_0-eth4,90553.90,0.00,90553.90,0,90735,66.87,0.00,66.87,0,67,0.00,0.00,0,0
1727456242.020950,s1_0-eth4,97861.00,0.00,97861.00,0,97861,91.00,0.00,91.00,0,91,0.00,0.00,0,0
1727456243.021376,s1_0-eth4,81767.00,0.00,81767.00,0,81767,83.00,0.00,83.00,0,83,0.00,0.00,0,0
1727456244.030041,s1_0-eth4,117902.77,0.00,117902.77,0,118846,96.23,0.00,96.23,0,97,0.00,0.00,0,0
1727456245.039385,s1_0-eth4,97709.62,0.00,97709.62,0,98589,81.27,0.00,81.27,0,82,0.00,0.00,0,0
1727456246.041023,s1_0-eth4,105413.59,0.00,105413.59,0,105519,82.92,0.00,82.92,0,83,0.00,0.00,0,0
1727456247.041629,s1_0-eth4,123365.00,0.00,123365.00,0,123365,92.00,0.00,92.00,0,92,0.00,0.00,0,0
1727456248.042017,s1_0-eth4,107756.00,0.00,107756.00,0,107756,93.00,0.00,93.00,0,93,0.00,0.00,0,0
1727456249.042408,s1_0-eth4,91356.00,0.00,91356.00,0,91356,72.00,0.00,72.00,0,72,0.00,0.00,0,0
1727456250.043549,s1_0-eth4,95762.24,0.00,95762.24,0,95858,74.93,0.00,74.93,0,75,0.00,0.00,0,0
1727456251.044369,s1_0-eth4,98297.00,0.00,98297.00,0,98297,75.00,0.00,75.00,0,75,0.00,0.00,0,0
1727456252.045337,s1_0-eth4,91021.00,0.00,91021.00,0,91021,71.00,0.00,71.00,0,71,0.00,0.00,0,0
1727456253.046488,s1_0-eth4,87654.35,0.00,87654.35,0,87742,62.94,0.00,62.94,0,63,0.00,0.00,0,0
1727456254.046898,s1_0-eth4,100394.00,0.00,100394.00,0,100394,71.00,0.00,71.00,0,71,0.00,0.00,0,0
1727456255.048089,s1_0-eth4,96608.39,0.00,96608.39,0,96705,71.93,0.00,71.93,0,72,0.00,0.00,0,0
1727456256.049432,s1_0-eth4,98881.12,0.00,98881.12,0,98980,69.93,0.00,69.93,0,70,0.00,0.00,0,0
1727456257.049822,s1_0-eth4,116797.00,0.00,116797.00,0,116797,93.00,0.00,93.00,0,93,0.00,0.00,0,0
1727456258.050249,s1_0-eth4,106643.00,0.00,106643.00,0,106643,97.00,0.00,97.00,0,97,0.00,0.00,0,0
1727456259.051349,s1_0-eth4,109663.34,0.00,109663.34,0,109773,82.92,0.00,82.92,0,83,0.00,0.00,0,0
1727456260.052966,s1_0-eth4,123755.25,0.00,123755.25,0,123879,114.89,0.00,114.89,0,115,0.00,0.00,0,0
1727456261.054347,s1_0-eth4,104276.73,0.00,104276.73,0,104381,87.91,0.00,87.91,0,88,0.00,0.00,0,0
1727456262.056657,s1_0-eth4,93137.73,0.00,93137.73,0,93324,65.87,0.00,65.87,0,66,0.00,0.00,0,0
1727456263.057099,s1_0-eth4,90863.00,0.00,90863.00,0,90863,69.00,0.00,69.00,0,69,0.00,0.00,0,0
1727456264.057423,s1_0-eth4,119704.00,0.00,119704.00,0,119704,92.00,0.00,92.00,0,92,0.00,0.00,0,0
1727456265.057815,s1_0-eth4,112454.00,0.00,112454.00,0,112454,86.00,0.00,86.00,0,86,0.00,0.00,0,0
1727456266.058686,s1_0-eth4,100394.00,0.00,100394.00,0,100394,71.00,0.00,71.00,0,71,0.00,0.00,0,0
1727456267.060435,s1_0-eth4,110181.82,0.00,110181.82,0,110292,77.92,0.00,77.92,0,78,0.00,0.00,0,0
1727456268.061555,s1_0-eth4,114419.59,0.00,114419.59,0,114534,80.92,0.00,80.92,0,81,0.00,0.00,0,0
1727456269.062335,s1_0-eth4,101115.00,0.00,101115.00,0,101115,81.00,0.00,81.00,0,81,0.00,0.00,0,0
1727456270.062800,s1_0-eth4,114766.00,0.00,114766.00,0,114766,98.00,0.00,98.00,0,98,0.00,0.00,0,0
1727456271.063994,s1_0-eth4,109379.62,0.00,109379.62,0,109489,81.92,0.00,81.92,0,82,0.00,0.00,0,0
1727456272.066166,s1_0-eth4,118612.78,0.00,118612.78,0,118850,84.83,0.00,84.83,0,85,0.00,0.00,0,0
1727456273.066605,s1_0-eth4,111920.00,0.00,111920.00,0,111920,82.00,0.00,82.00,0,82,0.00,0.00,0,0
1727456274.067036,s1_0-eth4,115370.00,0.00,115370.00,0,115370,91.00,0.00,91.00,0,91,0.00,0.00,0,0
1727456275.069989,s1_0-eth4,116743.52,0.00,116743.52,0,116977,88.82,0.00,88.82,0,89,0.00,0.00,0,0
1727456276.070566,s1_0-eth4,108315.00,0.00,108315.00,0,108315,88.00,0.00,88.00,0,88,0.00,0.00,0,0
1727456277.071025,s1_0-eth4,111639.00,0.00,111639.00,0,111639,94.00,0.00,94.00,0,94,0.00,0.00,0,0
1727456278.071548,s1_0-eth4,92790.00,0.00,92790.00,0,92790,76.00,0.00,76.00,0,76,0.00,0.00,0,0
1727456279.072078,s1_0-eth4,110687.00,0.00,110687.00,0,110687,82.00,0.00,82.00,0,82,0.00,0.00,0,0
1727456280.072485,s1_0-eth4,102457.00,0.00,102457.00,0,102457,77.00,0.00,77.00,0,77,0.00,0.00,0,0
1727456281.073531,s1_0-eth4,112215.79,0.00,112215.79,0,112328,86.91,0.00,86.91,0,87,0.00,0.00,0,0
1727456282.074071,s1_0-eth4,108509.00,0.00,108509.00,0,108509,90.00,0.00,90.00,0,90,0.00,0.00,0,0
1727456283.074886,s1_0-eth4,110366.00,0.00,110366.00,0,110366,79.00,0.00,79.00,0,79,0.00,0.00,0,0
1727456284.076939,s1_0-eth4,112260.48,0.00,112260.48,0,112485,100.80,0.00,100.80,0,101,0.00,0.00,0,0
1727456285.077828,s1_0-eth4,102129.00,0.00,102129.00,0,102129,87.00,0.00,87.00,0,87,0.00,0.00,0,0
1727456286.078420,s1_0-eth4,100543.00,0.00,100543.00,0,100543,90.00,0.00,90.00,0,90,0.00,0.00,0,0
1727456287.079133,s1_0-eth4,76356.00,0.00,76356.00,0,76356,54.00,0.00,54.00,0,54,0.00,0.00,0,0
1727456288.080204,s1_0-eth4,97715.29,0.00,97715.29,0,97813,71.93,0.00,71.93,0,72,0.00,0.00,0,0
1727456289.080765,s1_0-eth4,105119.00,0.00,105119.00,0,105119,79.00,0.00,79.00,0,79,0.00,0.00,0,0
1727456290.081282,s1_0-eth4,109492.00,0.00,109492.00,0,109492,84.00,0.00,84.00,0,84,0.00,0.00,0,0
1727456291.082363,s1_0-eth4,102287.72,0.00,102287.72,0,102390,78.92,0.00,78.92,0,79,0.00,0.00,0,0
1727456292.082921,s1_0-eth4,97095.00,0.00,97095.00,0,97095,77.00,0.00,77.00,0,77,0.00,0.00,0,0
1727456293.083680,s1_0-eth4,114437.00,0.00,114437.00,0,114437,95.00,0.00,95.00,0,95,0.00,0.00,0,0
1727456294.084968,s1_0-eth4,97392.61,0.00,97392.61,0,97490,84.92,0.00,84.92,0,85,0.00,0.00,0,0
1727456295.085448,s1_0-eth4,110292.00,0.00,110292.00,0,110292,78.00,0.00,78.00,0,78,0.00,0.00,0,0
1727456296.086381,s1_0-eth4,106602.00,0.00,106602.00,0,106602,81.00,0.00,81.00,0,81,0.00,0.00,0,0
1727456297.086909,s1_0-eth4,102254.00,0.00,102254.00,0,102254,78.00,0.00,78.00,0,78,0.00,0.00,0,0
1727456298.087753,s1_0-eth4,123291.00,0.00,123291.00,0,123291,91.00,0.00,91.00,0,91,0.00,0.00,0,0
1727456299.088225,s1_0-eth4,89156.00,0.00,89156.00,0,89156,64.00,0.00,64.00,0,64,0.00,0.00,0,0
1727456300.088745,s1_0-eth4,99740.00,0.00,99740.00,0,99740,75.00,0.00,75.00,0,75,0.00,0.00,0,0
1727456301.090205,s1_0-eth4,116104.90,0.00,116104.90,0,116221,85.91,0.00,85.91,0,86,0.00,0.00,0,0
1727456302.090672,s1_0-eth4,110742.00,0.00,110742.00,0,110742,84.00,0.00,84.00,0,84,0.00,0.00,0,0
1727456303.091129,s1_0-eth4,125997.00,0.00,125997.00,0,125997,111.00,0.00,111.00,0,111,0.00,0.00,0,0
1727456304.092087,s1_0-eth4,93573.00,0.00,93573.00,0,93573,81.00,0.00,81.00,0,81,0.00,0.00,0,0
1727456305.092548,s1_0-eth4,117389.00,0.00,117389.00,0,117389,98.00,0.00,98.00,0,98,0.00,0.00,0,0
1727456306.094325,s1_0-eth4,94061.94,0.00,94061.94,0,94156,69.93,0.00,69.93,0,70,0.00,0.00,0,0
1727456307.094994,s1_0-eth4,98866.00,0.00,98866.00,0,98866,85.00,0.00,85.00,0,85,0.00,0.00,0,0
1727456308.095404,s1_0-eth4,106912.00,0.00,106912.00,0,106912,83.00,0.00,83.00,0,83,0.00,0.00,0,0
1727456309.096488,s1_0-eth4,107563.44,0.00,107563.44,0,107671,78.92,0.00,78.92,0,79,0.00,0.00,0,0
1727456310.098124,s1_0-eth4,102125.88,0.00,102125.88,0,102228,75.92,0.00,75.92,0,76,0.00,0.00,0,0
1727456311.099100,s1_0-eth4,105574.00,0.00,105574.00,0,105574,83.00,0.00,83.00,0,83,0.00,0.00,0,0
1727456312.101188,s1_0-eth4,106452.10,0.00,106452.10,0,106665,81.84,0.00,81.84,0,82,0.00,0.00,0,0
1727456313.101785,s1_0-eth4,97423.00,0.00,97423.00,0,97423,82.00,0.00,82.00,0,82,0.00,0.00,0,0
1727456314.102667,s1_0-eth4,98364.00,0.00,98364.00,0,98364,77.00,0.00,77.00,0,77,0.00,0.00,0,0
1727456315.103986,s1_0-eth4,106041.96,0.00,106041.96,0,106148,75.92,0.00,75.92,0,76,0.00,0.00,0,0
1727456316.105037,s1_0-eth4,115930.07,0.00,115930.07,0,116046,82.92,0.00,82.92,0,83,0.00,0.00,0,0
1727456317.106170,s1_0-eth4,97818.19,0.00,97818.19,0,97916,73.93,0.00,73.93,0,74,0.00,0.00,0,0
1727456318.107185,s1_0-eth4,83474.53,0.00,83474.53,0,83558,60.94,0.00,60.94,0,61,0.00,0.00,0,0
1727456319.109390,s1_0-eth4,91792.41,0.00,91792.41,0,91976,65.87,0.00,65.87,0,66,0.00,0.00,0,0
1727456320.110566,s1_0-eth4,100492.51,0.00,100492.51,0,100593,73.93,0.00,73.93,0,74,0.00,0.00,0,0
1727456321.111507,s1_0-eth4,107538.00,0.00,107538.00,0,107538,77.00,0.00,77.00,0,77,0.00,0.00,0,0
1727456322.112584,s1_0-eth4,90848.16,0.00,90848.16,0,90939,68.93,0.00,68.93,0,69,0.00,0.00,0,0
1727456323.113602,s1_0-eth4,104597.41,0.00,104597.41,0,104702,74.93,0.00,74.93,0,75,0.00,0.00,0,0
1727456324.114146,s1_0-eth4,100640.00,0.00,100640.00,0,100640,74.00,0.00,74.00,0,74,0.00,0.00,0,0
1727456325.114735,s1_0-eth4,89416.00,0.00,89416.00,0,89416,82.00,0.00,82.00,0,82,0.00,0.00,0,0
1727456326.115567,s1_0-eth4,102460.00,0.00,102460.00,0,102460,112.00,0.00,112.00,0,112,0.00,0.00,0,0
1727456327.116083,s1_0-eth4,126763.00,0.00,126763.00,0,126763,114.00,0.00,114.00,0,114,0.00,0.00,0,0
1727456328.116662,s1_0-eth4,111402.00,0.00,111402.00,0,111402,90.00,0.00,90.00,0,90,0.00,0.00,0,0
1727456329.117706,s1_0-eth4,110522.48,0.00,110522.48,0,110633,81.92,0.00,81.92,0,82,0.00,0.00,0,0
1727456330.118327,s1_0-eth4,113218.00,0.00,113218.00,0,113218,81.00,0.00,81.00,0,81,0.00,0.00,0,0
1727456331.120124,s1_0-eth4,118888.12,0.00,118888.12,0,119007,86.91,0.00,86.91,0,87,0.00,0.00,0,0
1727456332.120775,s1_0-eth4,101277.00,0.00,101277.00,0,101277,78.00,0.00,78.00,0,78,0.00,0.00,0,0
1727456333.121365,s1_0-eth4,100038.00,0.00,100038.00,0,100038,84.00,0.00,84.00,0,84,0.00,0.00,0,0
1727456334.121899,s1_0-eth4,99245.00,0.00,99245.00,0,99245,74.00,0.00,74.00,0,74,0.00,0.00,0,0
1727456335.122369,s1_0-eth4,111002.00,0.00,111002.00,0,111002,88.00,0.00,88.00,0,88,0.00,0.00,0,0
1727456336.123805,s1_0-eth4,97269.73,0.00,97269.73,0,97367,80.92,0.00,80.92,0,81,0.00,0.00,0,0
1727456337.124261,s1_0-eth4,101980.00,0.00,101980.00,0,101980,87.00,0.00,87.00,0,87,0.00,0.00,0,0
1727456338.125051,s1_0-eth4,101875.00,0.00,101875.00,0,101875,73.00,0.00,73.00,0,73,0.00,0.00,0,0
1727456339.125757,s1_0-eth4,110671.00,0.00,110671.00,0,110671,82.00,0.00,82.00,0,82,0.00,0.00,0,0
1727456340.126367,s1_0-eth4,117726.00,0.00,117726.00,0,117726,88.00,0.00,88.00,0,88,0.00,0.00,0,0
1727456341.127267,s1_0-eth4,97047.00,0.00,97047.00,0,97047,76.00,0.00,76.00,0,76,0.00,0.00,0,0
1727456342.127666,s1_0-eth4,118303.00,0.00,118303.00,0,118303,93.00,0.00,93.00,0,93,0.00,0.00,0,0
1727456343.128087,s1_0-eth4,114608.00,0.00,114608.00,0,114608,82.00,0.00,82.00,0,82,0.00,0.00,0,0
1727456344.128545,s1_0-eth4,116676.00,0.00,116676.00,0,116676,90.00,0.00,90.00,0,90,0.00,0.00,0,0
1727456345.130052,s1_0-eth4,75136.87,0.00,75136.87,0,75212,72.93,0.00,72.93,0,73,0.00,0.00,0,0
1727456346.131037,s1_0-eth4,85865.00,0.00,85865.00,0,85865,71.00,0.00,71.00,0,71,0.00,0.00,0,0
1727456347.131541,s1_0-eth4,93425.00,0.00,93425.00,0,93425,81.00,0.00,81.00,0,81,0.00,0.00,0,0
1727456348.132032,s1_0-eth4,120190.00,0.00,120190.00,0,120190,85.00,0.00,85.00,0,85,0.00,0.00,0,0
1727456349.132571,s1_0-eth4,100188.00,0.00,100188.00,0,100188,84.00,0.00,84.00,0,84,0.00,0.00,0,0
1727456350.133069,s1_0-eth4,101948.00,0.00,101948.00,0,101948,74.00,0.00,74.00,0,74,0.00,0.00,0,0
1727456351.134252,s1_0-eth4,113278.73,0.00,113278.73,0,113392,83.92,0.00,83.92,0,84,0.00,0.00,0,0
1727456352.135195,s1_0-eth4,99426.00,0.00,99426.00,0,99426,76.00,0.00,76.00,0,76,0.00,0.00,0,0
1727456353.136143,s1_0-eth4,103222.00,0.00,103222.00,0,103222,73.00,0.00,73.00,0,73,0.00,0.00,0,0
1727456354.137092,s1_0-eth4,91984.00,0.00,91984.00,0,91984,66.00,0.00,66.00,0,66,0.00,0.00,0,0
1727456355.137489,s1_0-eth4,105902.00,0.00,105902.00,0,105902,86.00,0.00,86.00,0,86,0.00,0.00,0,0
1727456356.138387,s1_0-eth4,96986.00,0.00,96986.00,0,96986,76.00,0.00,76.00,0,76,0.00,0.00,0,0
1727456357.138888,s1_0-eth4,120206.00,0.00,120206.00,0,120206,117.00,0.00,117.00,0,117,0.00,0.00,0,0
1727456358.139489,s1_0-eth4,112116.00,0.00,112116.00,0,112116,85.00,0.00,85.00,0,85,0.00,0.00,0,0
1727456359.139978,s1_0-eth4,106948.00,0.00,106948.00,0,106948,86.00,0.00,86.00,0,86,0.00,0.00,0,0
1727456360.140433,s1_0-eth4,98407.00,0.00,98407.00,0,98407,75.00,0.00,75.00,0,75,0.00,0.00,0,0
1727456361.141491,s1_0-eth4,76748.25,0.00,76748.25,0,76825,59.94,0.00,59.94,0,60,0.00,0.00,0,0
1727456362.142011,s1_0-eth4,114637.00,0.00,114637.00,0,114637,99.00,0.00,99.00,0,99,0.00,0.00,0,0
1727456363.143082,s1_0-eth4,121313.69,0.00,121313.69,0,121435,109.89,0.00,109.89,0,110,0.00,0.00,0,0
1727456364.144221,s1_0-eth4,94710.29,0.00,94710.29,0,94805,67.93,0.00,67.93,0,68,0.00,0.00,0,0
1727456365.144998,s1_0-eth4,95043.00,0.00,95043.00,0,95043,71.00,0.00,71.00,0,71,0.00,0.00,0,0
1727456366.146389,s1_0-eth4,124537.47,0.00,124537.47,0,124662,90.91,0.00,90.91,0,91,0.00,0.00,0,0
1727456367.146900,s1_0-eth4,119662.00,0.00,119662.00,0,119662,95.00,0.00,95.00,0,95,0.00,0.00,0,0
1727456368.147590,s1_0-eth4,98310.00,0.00,98310.00,0,98310,72.00,0.00,72.00,0,72,0.00,0.00,0,0
1727456369.148148,s1_0-eth4,89667.00,0.00,89667.00,0,89667,70.00,0.00,70.00,0,70,0.00,0.00,0,0
1727456370.148664,s1_0-eth4,117003.00,0.00,117003.00,0,117003,89.00,0.00,89.00,0,89,0.00,0.00,0,0
1727456371.149978,s1_0-eth4,124307.70,0.00,124307.70,0,124432,87.91,0.00,87.91,0,88,0.00,0.00,0,0
1727456372.150989,s1_0-eth4,113574.43,0.00,113574.43,0,113688,87.91,0.00,87.91,0,88,0.00,0.00,0,0
1727456373.151757,s1_0-eth4,111450.00,0.00,111450.00,0,111450,91.00,0.00,91.00,0,91,0.00,0.00,0,0
1727456374.152233,s1_0-eth4,100394.00,0.00,100394.00,0,100394,71.00,0.00,71.00,0,71,0.00,0.00,0,0
1727456375.152641,s1_0-eth4,96226.00,0.00,96226.00,0,96226,69.00,0.00,69.00,0,69,0.00,0.00,0,0
1727456376.153130,s1_0-eth4,92914.00,0.00,92914.00,0,92914,76.00,0.00,76.00,0,76,0.00,0.00,0,0
1727456377.153786,s1_0-eth4,112865.00,0.00,112865.00,0,112865,95.00,0.00,95.00,0,95,0.00,0.00,0,0
1727456378.155134,s1_0-eth4,107030.97,0.00,107030.97,0,107138,85.91,0.00,85.91,0,86,0.00,0.00,0,0
1727456379.155794,s1_0-eth4,106529.00,0.00,106529.00,0,106529,82.00,0.00,82.00,0,82,0.00,0.00,0,0
1727456380.156662,s1_0-eth4,105485.00,0.00,105485.00,0,105485,84.00,0.00,84.00,0,84,0.00,0.00,0,0
1727456381.157600,s1_0-eth4,108359.00,0.00,108359.00,0,108359,85.00,0.00,85.00,0,85,0.00,0.00,0,0
1727456382.158079,s1_0-eth4,106050.00,0.00,106050.00,0,106050,75.00,0.00,75.00,0,75,0.00,0.00,0,0
1727456383.159134,s1_0-eth4,97984.02,0.00,97984.02,0,98082,75.92,0.00,75.92,0,76,0.00,0.00,0,0
1727456384.159960,s1_0-eth4,93496.00,0.00,93496.00,0,93496,68.00,0.00,68.00,0,68,0.00,0.00,0,0
1727456385.161787,s1_0-eth4,113758.24,0.00,113758.24,0,113872,88.91,0.00,88.91,0,89,0.00,0.00,0,0
1727456386.162720,s1_0-eth4,100394.00,0.00,100394.00,0,100394,71.00,0.00,71.00,0,71,0.00,0.00,0,0
1727456387.164010,s1_0-eth4,94643.36,0.00,94643.36,0,94738,66.93,0.00,66.93,0,67,0.00,0.00,0,0
1727456388.164602,s1_0-eth4,105313.00,0.00,105313.00,0,105313,80.00,0.00,80.00,0,80,0.00,0.00,0,0
1727456389.165175,s1_0-eth4,87668.00,0.00,87668.00,0,87668,62.00,0.00,62.00,0,62,0.00,0.00,0,0
1727456390.165571,s1_0-eth4,113496.00,0.00,113496.00,0,113496,85.00,0.00,85.00,0,85,0.00,0.00,0,0
1727456391.166652,s1_0-eth4,102043.96,0.00,102043.96,0,102146,76.92,0.00,76.92,0,77,0.00,0.00,0,0
1727456392.167112,s1_0-eth4,116356.00,0.00,116356.00,0,116356,88.00,0.00,88.00,0,88,0.00,0.00,0,0
1727456393.167553,s1_0-eth4,101808.00,0.00,101808.00,0,101808,72.00,0.00,72.00,0,72,0.00,0.00,0,0
1727456394.168012,s1_0-eth4,90742.00,0.00,90742.00,0,90742,67.00,0.00,67.00,0,67,0.00,0.00,0,0
1727456395.168511,s1_0-eth4,93868.00,0.00,93868.00,0,93868,73.00,0.00,73.00,0,73,0.00,0.00,0,0
1727456396.169832,s1_0-eth4,121891.11,0.00,121891.11,0,122013,91.91,0.00,91.91,0,92,0.00,0.00,0,0
1727456397.170970,s1_0-eth4,110942.06,0.00,110942.06,0,111053,82.92,0.00,82.92,0,83,0.00,0.00,0,0
1727456398.171655,s1_0-eth4,104901.00,0.00,104901.00,0,104901,78.00,0.00,78.00,0,78,0.00,0.00,0,0
1727456399.172230,s1_0-eth4,106319.00,0.00,106319.00,0,106319,79.00,0.00,79.00,0,79,0.00,0.00,0,0
1727456400.173127,s1_0-eth4,110836.00,0.00,110836.00,0,110836,84.00,0.00,84.00,0,84,0.00,0.00,0,0
1727456401.174049,s1_0-eth4,116191.00,0.00,116191.00,0,116191,84.00,0.00,84.00,0,84,0.00,0.00,0,0
1727456402.174561,s1_0-eth4,113599.00,0.00,113599.00,0,113599,87.00,0.00,87.00,0,87,0.00,0.00,0,0
1727456403.175205,s1_0-eth4,100835.00,0.00,100835.00,0,100835,76.00,0.00,76.00,0,76,0.00,0.00,0,0
1727456404.175662,s1_0-eth4,94812.00,0.00,94812.00,0,94812,68.00,0.00,68.00,0,68,0.00,0.00,0,0
1727456405.176155,s1_0-eth4,112427.00,0.00,112427.00,0,112427,88.00,0.00,88.00,0,88,0.00,0.00,0,0
1727456406.177572,s1_0-eth4,121879.12,0.00,121879.12,0,122001,91.91,0.00,91.91,0,92,0.00,0.00,0,0
1727456407.178084,s1_0-eth4,113252.00,0.00,113252.00,0,113252,82.00,0.00,82.00,0,82,0.00,0.00,0,0
1727456408.178741,s1_0-eth4,108483.00,0.00,108483.00,0,108483,88.00,0.00,88.00,0,88,0.00,0.00,0,0
1727456409.179348,s1_0-eth4,99444.00,0.00,99444.00,0,99444,77.00,0.00,77.00,0,77,0.00,0.00,0,0
1727456410.179832,s1_0-eth4,77039.00,0.00,77039.00,0,77039,63.00,0.00,63.00,0,63,0.00,0.00,0,0
1727456411.181251,s1_0-eth4,99795.21,0.00,99795.21,0,99895,79.92,0.00,79.92,0,80,0.00,0.00,0,0
1727456412.181769,s1_0-eth4,121747.00,0.00,121747.00,0,121747,104.00,0.00,104.00,0,104,0.00,0.00,0,0
1727456413.182173,s1_0-eth4,109752.00,0.00,109752.00,0,109752,89.00,0.00,89.00,0,89,0.00,0.00,0,0
1727456414.184435,s1_0-eth4,117120.76,0.00,117120.76,0,117355,96.81,0.00,96.81,0,97,0.00,0.00,0,0
1727456415.185490,s1_0-eth4,114691.31,0.00,114691.31,0,114806,84.92,0.00,84.92,0,85,0.00,0.00,0,0
1727456416.187022,s1_0-eth4,117347.66,0.00,117347.66,0,117465,95.90,0.00,95.90,0,96,0.00,0.00,0,0
1727456417.187521,s1_0-eth4,96226.00,0.00,96226.00,0,96226,69.00,0.00,69.00,0,69,0.00,0.00,0,0
1727456418.187958,s1_0-eth4,100462.00,0.00,100462.00,0,100462,87.00,0.00,87.00,0,87,0.00,0.00,0,0
1727456419.188435,s1_0-eth4,102373.00,0.00,102373.00,0,102373,80.00,0.00,80.00,0,80,0.00,0.00,0,0
1727456420.196790,s1_0-eth4,103981.15,0.00,103981.15,0,104813,75.40,0.00,75.40,0,76,0.00,0.00,0,0
1727456421.197749,s1_0-eth4,118161.00,0.00,118161.00,0,118161,92.00,0.00,92.00,0,92,0.00,0.00,0,0
1727456422.198301,s1_0-eth4,107490.00,0.00,107490.00,0,107490,93.00,0.00,93.00,0,93,0.00,0.00,0,0
1727456423.198830,s1_0-eth4,119249.00,0.00,119249.00,0,119249,90.00,0.00,90.00,0,90,0.00,0.00,0,0
1727456424.199962,s1_0-eth4,103118.88,0.00,103118.88,0,103222,72.93,0.00,72.93,0,73,0.00,0.00,0,0
1727456425.200451,s1_0-eth4,116022.00,0.00,116022.00,0,116022,83.00,0.00,83.00,0,83,0.00,0.00,0,0
1727456426.201415,s1_0-eth4,107464.00,0.00,107464.00,0,107464,76.00,0.00,76.00,0,76,0.00,0.00,0,0
1727456427.202007,s1_0-eth4,101808.00,0.00,101808.00,0,101808,72.00,0.00,72.00,0,72,0.00,0.00,0,0
1727456428.202592,s1_0-eth4,123392.00,0.00,123392.00,0,123392,103.00,0.00,103.00,0,103,0.00,0.00,0,0
1727456429.202962,s1_0-eth4,104769.00,0.00,104769.00,0,104769,76.00,0.00,76.00,0,76,0.00,0.00,0,0
1727456430.203446,s1_0-eth4,102727.00,0.00,102727.00,0,102727,80.00,0.00,80.00,0,80,0.00,0.00,0,0
1727456431.205065,s1_0-eth4,99321.68,0.00,99321.68,0,99421,75.92,0.00,75.92,0,76,0.00,0.00,0,0
1727456432.205455,s1_0-eth4,108878.00,0.00,108878.00,0,108878,77.00,0.00,77.00,0,77,0.00,0.00,0,0
1727456433.205904,s1_0-eth4,100736.00,0.00,100736.00,0,100736,76.00,0.00,76.00,0,76,0.00,0.00,0,0
1727456434.206697,s1_0-eth4,97108.00,0.00,97108.00,0,97108,81.00,0.00,81.00,0,81,0.00,0.00,0,0
1727456435.207503,s1_0-eth4,122134.00,0.00,122134.00,0,122134,107.00,0.00,107.00,0,107,0.00,0.00,0,0
1727456436.209049,s1_0-eth4,121887.12,0.00,121887.12,0,122009,91.91,0.00,91.91,0,92,0.00,0.00,0,0
1727456437.209627,s1_0-eth4,100394.00,0.00,100394.00,0,100394,71.00,0.00,71.00,0,71,0.00,0.00,0,0
1727456438.210183,s1_0-eth4,87808.00,0.00,87808.00,0,87808,64.00,0.00,64.00,0,64,0.00,0.00,0,0
1727456439.210765,s1_0-eth4,110499.00,0.00,110499.00,0,110499,81.00,0.00,81.00,0,81,0.00,0.00,0,0
1727456440.211424,s1_0-eth4,90496.00,0.00,90496.00,0,90496,64.00,0.00,64.00,0,64,0.00,0.00,0,0
1727456441.212620,s1_0-eth4,100574.43,0.00,100574.43,0,100675,74.93,0.00,74.93,0,75,0.00,0.00,0,0
1727456442.213132,s1_0-eth4,99553.00,0.00,99553.00,0,99553,78.00,0.00,78.00,0,78,0.00,0.00,0,0
1727456443.213646,s1_0-eth4,80598.00,0.00,80598.00,0,80598,57.00,0.00,57.00,0,57,0.00,0.00,0,0
1727456444.218992,s1_0-eth4,87469.65,0.00,87469.65,0,87907,64.68,0.00,64.68,0,65,0.00,0.00,0,0
1727456445.219498,s1_0-eth4,95023.00,0.00,95023.00,0,95023,71.00,0.00,71.00,0,71,0.00,0.00,0,0
1727456446.221671,s1_0-eth4,100530.94,0.00,100530.94,0,100732,89.82,0.00,89.82,0,90,0.00,0.00,0,0
1727456447.223736,s1_0-eth4,103443.12,0.00,103443.12,0,103650,89.82,0.00,89.82,0,90,0.00,0.00,0,0
1727456448.224071,s1_0-eth4,114608.00,0.00,114608.00,0,114608,82.00,0.00,82.00,0,82,0.00,0.00,0,0
1727456449.224487,s1_0-eth4,107326.00,0.00,107326.00,0,107326,84.00,0.00,84.00,0,84,0.00,0.00,0,0
1727456450.225794,s1_0-eth4,113580.42,0.00,113580.42,0,113694,83.92,0.00,83.92,0,84,0.00,0.00,0,0
1727456451.226673,s1_0-eth4,95526.00,0.00,95526.00,0,95526,78.00,0.00,78.00,0,78,0.00,0.00,0,0
1727456452.227706,s1_0-eth4,113406.59,0.00,113406.59,0,113520,84.92,0.00,84.92,0,85,0.00,0.00,0,0
1727456453.228370,s1_0-eth4,93806.00,0.00,93806.00,0,93806,72.00,0.00,72.00,0,72,0.00,0.00,0,0
1727456454.229715,s1_0-eth4,114419.59,0.00,114419.59,0,114534,80.92,0.00,80.92,0,81,0.00,0.00,0,0
1727456455.230163,s1_0-eth4,107464.00,0.00,107464.00,0,107464,76.00,0.00,76.00,0,76,0.00,0.00,0,0
1727456456.231413,s1_0-eth4,113517.48,0.00,113517.48,0,113631,95.90,0.00,95.90,0,96,0.00,0.00,0,0
1727456457.231777,s1_0-eth4,110292.00,0.00,110292.00,0,110292,78.00,0.00,78.00,0,78,0.00,0.00,0,0
1727456458.232184,s1_0-eth4,102938.00,0.00,102938.00,0,102938,83.00,0.00,83.00,0,83,0.00,0.00,0,0
1727456459.233603,s1_0-eth4,116343.66,0.00,116343.66,0,116460,88.91,0.00,88.91,0,89,0.00,0.00,0,0
1727456460.236752,s1_0-eth4,95060.82,0.00,95060.82,0,95346,89.73,0.00,89.73,0,90,0.00,0.00,0,0
1727456461.238126,s1_0-eth4,120540.46,0.00,120540.46,0,120661,91.91,0.00,91.91,0,92,0.00,0.00,0,0
1727456462.240177,s1_0-eth4,106212.58,0.00,106212.58,0,106425,79.84,0.00,79.84,0,80,0.00,0.00,0,0
1727456463.241559,s1_0-eth4,107454.55,0.00,107454.55,0,107562,76.92,0.00,76.92,0,77,0.00,0.00,0,0
1727456464.241980,s1_0-eth4,116056.00,0.00,116056.00,0,116056,99.00,0.00,99.00,0,99,0.00,0.00,0,0
1727456465.242340,s1_0-eth4,125602.00,0.00,125602.00,0,125602,102.00,0.00,102.00,0,102,0.00,0.00,0,0
1727456466.243202,s1_0-eth4,93457.00,0.00,93457.00,0,93457,68.00,0.00,68.00,0,68,0.00,0.00,0,0
1727456467.243615,s1_0-eth4,124742.00,0.00,124742.00,0,124742,92.00,0.00,92.00,0,92,0.00,0.00,0,0
1727456468.244002,s1_0-eth4,105645.00,0.00,105645.00,0,105645,87.00,0.00,87.00,0,87,0.00,0.00,0,0
1727456469.245360,s1_0-eth4,96686.31,0.00,96686.31,0,96783,76.92,0.00,76.92,0,77,0.00,0.00,0,0
1727456470.245831,s1_0-eth4,108606.00,0.00,108606.00,0,108606,90.00,0.00,90.00,0,90,0.00,0.00,0,0
1727456471.246648,s1_0-eth4,119166.00,0.00,119166.00,0,119166,103.00,0.00,103.00,0,103,0.00,0.00,0,0
1727456472.254550,s1_0-eth4,115581.93,0.00,115581.93,0,116391,102.28,0.00,102.28,0,103,0.00,0.00,0,0
1727456473.255579,s1_0-eth4,92756.25,0.00,92756.25,0,92849,78.92,0.00,78.92,0,79,0.00,0.00,0,0
1727456474.256046,s1_0-eth4,113395.00,0.00,113395.00,0,113395,83.00,0.00,83.00,0,83,0.00,0.00,0,0
1727456475.256493,s1_0-eth4,91501.00,0.00,91501.00,0,91501,76.00,0.00,76.00,0,76,0.00,0.00,0,0
1727456476.260035,s1_0-eth4,98683.95,0.00,98683.95,0,98980,69.79,0.00,69.79,0,70,0.00,0.00,0,0
1727456477.260513,s1_0-eth4,98029.00,0.00,98029.00,0,98029,76.00,0.00,76.00,0,76,0.00,0.00,0,0
1727456478.261542,s1_0-eth4,107356.65,0.00,107356.65,0,107464,75.92,0.00,75.92,0,76,0.00,0.00,0,0
1727456479.262104,s1_0-eth4,110292.00,0.00,110292.00,0,110292,78.00,0.00,78.00,0,78,0.00,0.00,0,0
1727456480.262911,s1_0-eth4,113883.00,0.00,113883.00,0,113883,104.00,0.00,104.00,0,104,0.00,0.00,0,0
1727456481.264147,s1_0-eth4,100750.25,0.00,100750.25,0,100851,75.92,0.00,75.92,0,76,0.00,0.00,0,0
1727456482.264874,s1_0-eth4,84271.00,0.00,84271.00,0,84271,70.00,0.00,70.00,0,70,0.00,0.00,0,0
1727456483.265634,s1_0-eth4,74.00,0.00,74.00,0,74,1.00,0.00,1.00,0,1,0.00,0.00,0,0
1727456484.266395,s1_0-eth4,0.00,0.00,0.00,0,0,0.00,0.00,0.00,0,0,0.00,0.00,0,0
1727456485.267175,s1_0-eth4,14412.00,0.00,14412.00,0,14412,14.00,0.00,14.00,0,14,0.00,0.00,0,0
1727456486.268711,s1_0-eth4,19470.53,0.00,19470.53,0,19490,26.97,0.00,26.97,0,27,0.00,0.00,0,0
1727456487.270324,s1_0-eth4,7334.67,0.00,7334.67,0,7342,8.99,0.00,8.99,0,9,0.00,0.00,0,0
1727456488.271187,s1_0-eth4,16000.00,0.00,16000.00,0,16000,16.00,0.00,16.00,0,16,0.00,0.00,0,0
1727456489.271949,s1_0-eth4,26536.00,0.00,26536.00,0,26536,33.00,0.00,33.00,0,33,0.00,0.00,0,0
1727456490.272835,s1_0-eth4,0.00,0.00,0.00,0,0,0.00,0.00,0.00,0,0,0.00,0.00,0,0
1727456491.274706,s1_0-eth4,73.93,0.00,73.93,0,74,1.00,0.00,1.00,0,1,0.00,0.00,0,0
1727456492.276011,s1_0-eth4,17494.51,0.00,17494.51,0,17512,18.98,0.00,18.98,0,19,0.00,0.00,0,0
1727456493.276502,s1_0-eth4,49688.00,0.00,49688.00,0,49688,53.00,0.00,53.00,0,53,0.00,0.00,0,0
1727456494.277114,s1_0-eth4,133.00,0.00,133.00,0,133,2.00,0.00,2.00,0,2,0.00,0.00,0,0
1727456495.277990,s1_0-eth4,0.00,0.00,0.00,0,0,0.00,0.00,0.00,0,0,0.00,0.00,0,0
1727456496.278470,s1_0-eth4,164.00,0.00,164.00,0,164,2.00,0.00,2.00,0,2,0.00,0.00,0,0
1727456497.279237,s1_0-eth4,15819.00,0.00,15819.00,0,15819,15.00,0.00,15.00,0,15,0.00,0.00,0,0
1727456498.280774,s1_0-eth4,10302.70,0.00,10302.70,0,10313,10.99,0.00,10.99,0,11,0.00,0.00,0,0
1727456499.281777,s1_0-eth4,97.90,0.00,97.90,0,98,1.00,0.00,1.00,0,1,0.00,0.00,0,0
1727456500.283229,s1_0-eth4,73.93,0.00,73.93,0,74,1.00,0.00,1.00,0,1,0.00,0.00,0,0
1727456501.289146,s1_0-eth4,4627.86,0.00,4627.86,0,4651,7.96,0.00,7.96,0,8,0.00,0.00,0,0
1727456502.290230,s1_0-eth4,3171.83,0.00,3171.83,0,3175,6.99,0.00,6.99,0,7,0.00,0.00,0,0
1727456503.291285,s1_0-eth4,4303.70,0.00,4303.70,0,4308,4.00,0.00,4.00,0,4,0.00,0.00,0,0
1727456504.292730,s1_0-eth4,0.00,0.00,0.00,0,0,0.00,0.00,0.00,0,0,0.00,0.00,0,0
1727456505.293955,s1_0-eth4,8023.98,0.00,8023.98,0,8032,12.99,0.00,12.99,0,13,0.00,0.00,0,0
1727456506.295085,s1_0-eth4,12042.96,0.00,12042.96,0,12055,13.99,0.00,13.99,0,14,0.00,0.00,0,0
1727456507.296069,s1_0-eth4,4744.00,0.00,4744.00,0,4744,10.00,0.00,10.00,0,10,0.00,0.00,0,0
1727456508.296612,s1_0-eth4,7519.00,0.00,7519.00,0,7519,10.00,0.00,10.00,0,10,0.00,0.00,0,0
1727456509.297342,s1_0-eth4,13241.00,0.00,13241.00,0,13241,16.00,0.00,16.00,0,16,0.00,0.00,0,0
1727456510.298209,s1_0-eth4,3030.00,0.00,3030.00,0,3030,5.00,0.00,5.00,0,5,0.00,0.00,0,0
1727456511.300237,s1_0-eth4,7122.75,0.00,7122.75,0,7137,5.99,0.00,5.99,0,6,0.00,0.00,0,0
1727456512.300929,s1_0-eth4,7755.00,0.00,7755.00,0,7755,13.00,0.00,13.00,0,13,0.00,0.00,0,0
1727456513.307906,s1_0-eth4,9057.65,0.00,9057.65,0,9112,10.93,0.00,10.93,0,11,0.00,0.00,0,0
1727456514.308378,s1_0-eth4,10373.00,0.00,10373.00,0,10373,13.00,0.00,13.00,0,13,0.00,0.00,0,0
1727456515.317934,s1_0-eth4,4548.07,0.00,4548.07,0,4589,7.93,0.00,7.93,0,8,0.00,0.00,0,0
1727456516.318515,s1_0-eth4,6276.00,0.00,6276.00,0,6276,13.00,0.00,13.00,0,13,0.00,0.00,0,0
1727456517.319131,s1_0-eth4,23863.00,0.00,23863.00,0,23863,28.00,0.00,28.00,0,28,0.00,0.00,0,0
1727456518.320230,s1_0-eth4,22431.57,0.00,22431.57,0,22454,29.97,0.00,29.97,0,30,0.00,0.00,0,0
1727456519.321468,s1_0-eth4,0.00,0.00,0.00,0,0,0.00,0.00,0.00,0,0,0.00,0.00,0,0
1727456520.322738,s1_0-eth4,0.00,0.00,0.00,0,0,0.00,0.00,0.00,0,0,0.00,0.00,0,0
1727456521.323723,s1_0-eth4,16276.00,0.00,16276.00,0,16276,17.00,0.00,17.00,0,17,0.00,0.00,0,0
1727456522.325425,s1_0-eth4,26511.49,0.00,26511.49,0,26538,32.97,0.00,32.97,0,33,0.00,0.00,0,0
1727456523.326842,s1_0-eth4,6197.80,0.00,6197.80,0,6204,7.99,0.00,7.99,0,8,0.00,0.00,0,0
1727456524.327929,s1_0-eth4,13800.20,0.00,13800.20,0,13814,17.98,0.00,17.98,0,18,0.00,0.00,0,0
1727456525.329808,s1_0-eth4,16383.62,0.00,16383.62,0,16400,22.98,0.00,22.98,0,23,0.00,0.00,0,0
1727456526.331677,s1_0-eth4,13146.85,0.00,13146.85,0,13160,14.99,0.00,14.99,0,15,0.00,0.00,0,0
1727456527.332428,s1_0-eth4,4621.00,0.00,4621.00,0,4621,8.00,0.00,8.00,0,8,0.00,0.00,0,0
1727456528.334484,s1_0-eth4,11656.69,0.00,11656.69,0,11680,12.97,0.00,12.97,0,13,0.00,0.00,0,0
1727456529.336727,s1_0-eth4,20384.23,0.00,20384.23,0,20425,32.93,0.00,32.93,0,33,0.00,0.00,0,0
1727456530.337910,s1_0-eth4,10398.60,0.00,10398.60,0,10409,13.99,0.00,13.99,0,14,0.00,0.00,0,0
1727456531.339772,s1_0-eth4,6004.00,0.00,6004.00,0,6010,8.99,0.00,8.99,0,9,0.00,0.00,0,0
1727456532.340525,s1_0-eth4,4783.00,0.00,4783.00,0,4783,9.00,0.00,9.00,0,9,0.00,0.00,0,0
1727456533.341218,s1_0-eth4,0.00,0.00,0.00,0,0,0.00,0.00,0.00,0,0,0.00,0.00,0,0
1727456534.342106,s1_0-eth4,4308.00,0.00,4308.00,0,4308,4.00,0.00,4.00,0,4,0.00,0.00,0,0
1727456535.342913,s1_0-eth4,0.00,0.00,0.00,0,0,0.00,0.00,0.00,0,0,0.00,0.00,0,0
1727456536.343844,s1_0-eth4,74.00,0.00,74.00,0,74,1.00,0.00,1.00,0,1,0.00,0.00,0,0
1727456537.344540,s1_0-eth4,30743.00,0.00,30743.00,0,30743,36.00,0.00,36.00,0,36,0.00,0.00,0,0
1727456538.345110,s1_0-eth4,27938.00,0.00,27938.00,0,27938,34.00,0.00,34.00,0,34,0.00,0.00,0,0
1727456539.345595,s1_0-eth4,18406.00,0.00,18406.00,0,18406,29.00,0.00,29.00,0,29,0.00,0.00,0,0
1727456540.346073,s1_0-eth4,21085.00,0.00,21085.00,0,21085,24.00,0.00,24.00,0,24,0.00,0.00,0,0
1727456541.346512,s1_0-eth4,7908.00,0.00,7908.00,0,7908,16.00,0.00,16.00,0,16,0.00,0.00,0,0
1727456542.348609,s1_0-eth4,28833.33,0.00,28833.33,0,28891,28.94,0.00,28.94,0,29,0.00,0.00,0,0
1727456543.349594,s1_0-eth4,13427.00,0.00,13427.00,0,13427,16.00,0.00,16.00,0,16,0.00,0.00,0,0
1727456544.350246,s1_0-eth4,0.00,0.00,0.00,0,0,0.00,0.00,0.00,0,0,0.00,0.00,0,0
1727456545.351281,s1_0-eth4,13462.54,0.00,13462.54,0,13476,17.98,0.00,17.98,0,18,0.00,0.00,0,0
1727456546.352559,s1_0-eth4,8742.26,0.00,8742.26,0,8751,8.99,0.00,8.99,0,9,0.00,0.00,0,0
1727456547.353575,s1_0-eth4,7136.86,0.00,7136.86,0,7144,5.99,0.00,5.99,0,6,0.00,0.00,0,0
1727456548.355220,s1_0-eth4,35441.56,0.00,35441.56,0,35477,43.96,0.00,43.96,0,44,0.00,0.00,0,0
1727456549.356757,s1_0-eth4,5951.05,0.00,5951.05,0,5957,7.99,0.00,7.99,0,8,0.00,0.00,0,0
1727456550.357818,s1_0-eth4,29596.40,0.00,29596.40,0,29626,36.96,0.00,36.96,0,37,0.00,0.00,0,0
1727456551.358992,s1_0-eth4,33098.90,0.00,33098.90,0,33132,42.96,0.00,42.96,0,43,0.00,0.00,0,0
1727456552.360055,s1_0-eth4,23848.15,0.00,23848.15,0,23872,30.97,0.00,30.97,0,31,0.00,0.00,0,0
1727456553.360767,s1_0-eth4,0.00,0.00,0.00,0,0,0.00,0.00,0.00,0,0,0.00,0.00,0,0
1727456554.361477,s1_0-eth4,5157.00,0.00,5157.00,0,5157,10.00,0.00,10.00,0,10,0.00,0.00,0,0
1727456555.363052,s1_0-eth4,5716.28,0.00,5716.28,0,5722,5.00,0.00,5.00,0,5,0.00,0.00,0,0
1727456556.364378,s1_0-eth4,14228.77,0.00,14228.77,0,14243,21.98,0.00,21.98,0,22,0.00,0.00,0,0
1727456557.366696,s1_0-eth4,65.87,0.00,65.87,0,66,1.00,0.00,1.00,0,1,0.00,0.00,0,0
1727456558.371619,s1_0-eth4,29250.00,0.00,29250.00,0,29367,34.86,0.00,34.86,0,35,0.00,0.00,0,0
1727456559.372691,s1_0-eth4,30891.11,0.00,30891.11,0,30922,32.97,0.00,32.97,0,33,0.00,0.00,0,0
1727456560.374216,s1_0-eth4,147.85,0.00,147.85,0,148,2.00,0.00,2.00,0,2,0.00,0.00,0,0
1727456561.375230,s1_0-eth4,6384.62,0.00,6384.62,0,6391,9.99,0.00,9.99,0,10,0.00,0.00,0,0
1727456562.377066,s1_0-eth4,11957.04,0.00,11957.04,0,11969,12.99,0.00,12.99,0,13,0.00,0.00,0,0
1727456563.377832,s1_0-eth4,66.00,0.00,66.00,0,66,1.00,0.00,1.00,0,1,0.00,0.00,0,0
1727456564.378955,s1_0-eth4,15084.92,0.00,15084.92,0,15100,19.98,0.00,19.98,0,20,0.00,0.00,0,0
1727456565.380721,s1_0-eth4,20324.68,0.00,20324.68,0,20345,21.98,0.00,21.98,0,22,0.00,0.00,0,0
1727456566.382172,s1_0-eth4,0.00,0.00,0.00,0,0,0.00,0.00,0.00,0,0,0.00,0.00,0,0
1727456567.386670,s1_0-eth4,16939.24,0.00,16939.24,0,17007,21.91,0.00,21.91,0,22,0.00,0.00,0,0
1727456568.389390,s1_0-eth4,19896.21,0.00,19896.21,0,19936,15.97,0.00,15.97,0,16,0.00,0.00,0,0
1727456569.391432,s1_0-eth4,19169.66,0.00,19169.66,0,19208,19.96,0.00,19.96,0,20,0.00,0.00,0,0
1727456570.392794,s1_0-eth4,3618.38,0.00,3618.38,0,3622,8.99,0.00,8.99,0,9,0.00,0.00,0,0
1727456571.396966,s1_0-eth4,9766.93,0.00,9766.93,0,9806,19.92,0.00,19.92,0,20,0.00,0.00,0,0
1727456572.401050,s1_0-eth4,32098.61,0.00,32098.61,0,32227,35.86,0.00,35.86,0,36,0.00,0.00,0,0
1727456573.402273,s1_0-eth4,4617.38,0.00,4617.38,0,4622,7.99,0.00,7.99,0,8,0.00,0.00,0,0
1727456574.403361,s1_0-eth4,37588.41,0.00,37588.41,0,37626,45.95,0.00,45.95,0,46,0.00,0.00,0,0
1727456575.405357,s1_0-eth4,0.00,0.00,0.00,0,0,0.00,0.00,0.00,0,0,0.00,0.00,0,0
1727456576.407139,s1_0-eth4,1548.45,0.00,1548.45,0,1550,3.00,0.00,3.00,0,3,0.00,0.00,0,0
1727456577.409335,s1_0-eth4,0.00,0.00,0.00,0,0,0.00,0.00,0.00,0,0,0.00,0.00,0,0
1727456578.410750,s1_0-eth4,0.00,0.00,0.00,0,0,0.00,0.00,0.00,0,0,0.00,0.00,0,0
1727456579.411806,s1_0-eth4,24170.83,0.00,24170.83,0,24195,32.97,0.00,32.97,0,33,0.00,0.00,0,0
1727456580.413017,s1_0-eth4,31125.88,0.00,31125.88,0,31157,35.96,0.00,35.96,0,36,0.00,0.00,0,0
1727456581.414846,s1_0-eth4,13793.21,0.00,13793.21,0,13807,20.98,0.00,20.98,0,21,0.00,0.00,0,0
1727456582.415843,s1_0-eth4,5973.00,0.00,5973.00,0,5973,7.00,0.00,7.00,0,7,0.00,0.00,0,0
1727456583.417514,s1_0-eth4,0.00,0.00,0.00,0,0,0.00,0.00,0.00,0,0,0.00,0.00,0,0
1727456584.418468,s1_0-eth4,33420.00,0.00,33420.00,0,33420,34.00,0.00,34.00,0,34,0.00,0.00,0,0
1727456585.419276,s1_0-eth4,17669.00,0.00,17669.00,0,17669,22.00,0.00,22.00,0,22,0.00,0.00,0,0
1727456586.419714,s1_0-eth4,15435.00,0.00,15435.00,0,15435,27.00,0.00,27.00,0,27,0.00,0.00,0,0
1727456587.421915,s1_0-eth4,19140.72,0.00,19140.72,0,19179,23.95,0.00,23.95,0,24,0.00,0.00,0,0
1727456588.428412,s1_0-eth4,7408.55,0.00,7408.55,0,7453,9.94,0.00,9.94,0,10,0.00,0.00,0,0
1727456589.428766,s1_0-eth4,16643.00,0.00,16643.00,0,16643,23.00,0.00,23.00,0,23,0.00,0.00,0,0
1727456590.429151,s1_0-eth4,31065.00,0.00,31065.00,0,31065,35.00,0.00,35.00,0,35,0.00,0.00,0,0
1727456591.429961,s1_0-eth4,4481.00,0.00,4481.00,0,4481,6.00,0.00,6.00,0,6,0.00,0.00,0,0
1727456592.431366,s1_0-eth4,97.90,0.00,97.90,0,98,1.00,0.00,1.00,0,1,0.00,0.00,0,0
1727456593.432841,s1_0-eth4,12126.87,0.00,12126.87,0,12139,13.99,0.00,13.99,0,14,0.00,0.00,0,0
1727456594.433681,s1_0-eth4,29122.00,0.00,29122.00,0,29122,46.00,0.00,46.00,0,46,0.00,0.00,0,0
1727456595.434254,s1_0-eth4,0.00,0.00,0.00,0,0,0.00,0.00,0.00,0,0,0.00,0.00,0,0
1727456596.435092,s1_0-eth4,8686.00,0.00,8686.00,0,8686,9.00,0.00,9.00,0,9,0.00,0.00,0,0
1727456597.436508,s1_0-eth4,20008.99,0.00,20008.99,0,20029,30.97,0.00,30.97,0,31,0.00,0.00,0,0
1727456598.437206,s1_0-eth4,0.00,0.00,0.00,0,0,0.00,0.00,0.00,0,0,0.00,0.00,0,0
1727456599.437566,s1_0-eth4,9861.00,0.00,9861.00,0,9861,21.00,0.00,21.00,0,21,0.00,0.00,0,0
1727456600.438588,s1_0-eth4,0.00,0.00,0.00,0,0,0.00,0.00,0.00,0,0,0.00,0.00,0,0
1727456601.439080,s1_0-eth4,21553.00,0.00,21553.00,0,21553,20.00,0.00,20.00,0,20,0.00,0.00,0,0
1727456602.440683,s1_0-eth4,20352.65,0.00,20352.65,0,20373,20.98,0.00,20.98,0,21,0.00,0.00,0,0
1727456603.441299,s1_0-eth4,14347.00,0.00,14347.00,0,14347,13.00,0.00,13.00,0,13,0.00,0.00,0,0
1727456604.442388,s1_0-eth4,12787.21,0.00,12787.21,0,12800,9.99,0.00,9.99,0,10,0.00,0.00,0,0
1727456605.443424,s1_0-eth4,0.00,0.00,0.00,0,0,0.00,0.00,0.00,0,0,0.00,0.00,0,0
1727456606.443855,s1_0-eth4,8616.00,0.00,8616.00,0,8616,8.00,0.00,8.00,0,8,0.00,0.00,0,0
1727456607.444883,s1_0-eth4,12363.64,0.00,12363.64,0,12376,18.98,0.00,18.98,0,19,0.00,0.00,0,0
1727456608.445360,s1_0-eth4,25497.00,0.00,25497.00,0,25497,29.00,0.00,29.00,0,29,0.00,0.00,0,0
1727456609.445743,s1_0-eth4,0.00,0.00,0.00,0,0,0.00,0.00,0.00,0,0,0.00,0.00,0,0
1727456610.446106,s1_0-eth4,25262.00,0.00,25262.00,0,25262,34.00,0.00,34.00,0,34,0.00,0.00,0,0
1727456611.447406,s1_0-eth4,0.00,0.00,0.00,0,0,0.00,0.00,0.00,0,0,0.00,0.00,0,0
1727456612.448672,s1_0-eth4,0.00,0.00,0.00,0,0,0.00,0.00,0.00,0,0,0.00,0.00,0,0
1727456613.449103,s1_0-eth4,0.00,0.00,0.00,0,0,0.00,0.00,0.00,0,0,0.00,0.00,0,0
1727456614.450026,s1_0-eth4,0.00,0.00,0.00,0,0,0.00,0.00,0.00,0,0,0.00,0.00,0,0
1727456615.450413,s1_0-eth4,0.00,0.00,0.00,0,0,0.00,0.00,0.00,0,0,0.00,0.00,0,0
1727456616.450845,s1_0-eth4,0.00,0.00,0.00,0,0,0.00,0.00,0.00,0,0,0.00,0.00,0,0
1727456617.452697,s1_0-eth4,0.00,0.00,0.00,0,0,0.00,0.00,0.00,0,0,0.00,0.00,0,0
1727456618.453177,s1_0-eth4,0.00,0.00,0.00,0,0,0.00,0.00,0.00,0,0,0.00,0.00,0,0
1727456619.454464,s1_0-eth4,0.00,0.00,0.00,0,0,0.00,0.00,0.00,0,0,0.00,0.00,0,0
1727456620.455755,s1_0-eth4,0.00,0.00,0.00,0,0,0.00,0.00,0.00,0,0,0.00,0.00,0,0
1727456621.456925,s1_0-eth4,0.00,0.00,0.00,0,0,0.00,0.00,0.00,0,0,0.00,0.00,0,0
1727456622.458967,s1_0-eth4,0.00,0.00,0.00,0,0,0.00,0.00,0.00,0,0,0.00,0.00,0,0
1727456623.460394,s1_0-eth4,0.00,0.00,0.00,0,0,0.00,0.00,0.00,0,0,0.00,0.00,0,0
1727456624.461097,s1_0-eth4,0.00,0.00,0.00,0,0,0.00,0.00,0.00,0,0,0.00,0.00,0,0
1727456625.462173,s1_0-eth4,97.90,0.00,97.90,0,98,1.00,0.00,1.00,0,1,0.00,0.00,0,0
1727456626.463093,s1_0-eth4,0.00,0.00,0.00,0,0,0.00,0.00,0.00,0,0,0.00,0.00,0,0
1727456627.464492,s1_0-eth4,0.00,0.00,0.00,0,0,0.00,0.00,0.00,0,0,0.00,0.00,0,0
1727456628.465209,s1_0-eth4,0.00,0.00,0.00,0,0,0.00,0.00,0.00,0,0,0.00,0.00,0,0
1727456629.466140,s1_0-eth4,0.00,0.00,0.00,0,0,0.00,0.00,0.00,0,0,0.00,0.00,0,0
1727456630.467874,s1_0-eth4,0.00,0.00,0.00,0,0,0.00,0.00,0.00,0,0,0.00,0.00,0,0
1727456631.470090,s1_0-eth4,97.80,0.00,97.80,0,98,1.00,0.00,1.00,0,1,0.00,0.00,0,0
1727456632.472288,s1_0-eth4,0.00,0.00,0.00,0,0,0.00,0.00,0.00,0,0,0.00,0.00,0,0
1727456633.473209,s1_0-eth4,0.00,0.00,0.00,0,0,0.00,0.00,0.00,0,0,0.00,0.00,0,0
1727456634.474218,s1_0-eth4,97.90,0.00,97.90,0,98,1.00,0.00,1.00,0,1,0.00,0.00,0,0
1727456635.475758,s1_0-eth4,97.90,0.00,97.90,0,98,1.00,0.00,1.00,0,1,0.00,0.00,0,0
1727456636.477607,s1_0-eth4,97.90,0.00,97.90,0,98,1.00,0.00,1.00,0,1,0.00,0.00,0,0
1727456637.479955,s1_0-eth4,0.00,0.00,0.00,0,0,0.00,0.00,0.00,0,0,0.00,0.00,0,0
1727456638.481415,s1_0-eth4,0.00,0.00,0.00,0,0,0.00,0.00,0.00,0,0,0.00,0.00,0,0
1727456639.483241,s1_0-eth4,0.00,0.00,0.00,0,0,0.00,0.00,0.00,0,0,0.00,0.00,0,0
1727456640.484847,s1_0-eth4,0.00,0.00,0.00,0,0,0.00,0.00,0.00,0,0,0.00,0.00,0,0
1727456641.486741,s1_0-eth4,0.00,0.00,0.00,0,0,0.00,0.00,0.00,0,0,0.00,0.00,0,0
1727456642.489652,s1_0-eth4,97.80,0.00,97.80,0,98,1.00,0.00,1.00,0,1,0.00,0.00,0,0
1727456643.491302,s1_0-eth4,0.00,0.00,0.00,0,0,0.00,0.00,0.00,0,0,0.00,0.00,0,0
1727456644.492579,s1_0-eth4,97.90,0.00,97.90,0,98,1.00,0.00,1.00,0,1,0.00,0.00,0,0
1727456645.493710,s1_0-eth4,0.00,0.00,0.00,0,0,0.00,0.00,0.00,0,0,0.00,0.00,0,0
1727456646.494686,s1_0-eth4,0.00,0.00,0.00,0,0,0.00,0.00,0.00,0,0,0.00,0.00,0,0
1727456647.495903,s1_0-eth4,97.90,0.00,97.90,0,98,1.00,0.00,1.00,0,1,0.00,0.00,0,0
1727456648.497093,s1_0-eth4,0.00,0.00,0.00,0,0,0.00,0.00,0.00,0,0,0.00,0.00,0,0
1727456649.497991,s1_0-eth4,0.00,0.00,0.00,0,0,0.00,0.00,0.00,0,0,0.00,0.00,0,0
1727456650.499258,s1_0-eth4,0.00,0.00,0.00,0,0,0.00,0.00,0.00,0,0,0.00,0.00,0,0
1727456651.501742,s1_0-eth4,0.00,0.00,0.00,0,0,0.00,0.00,0.00,0,0,0.00,0.00,0,0
1727456652.504082,s1_0-eth4,0.00,0.00,0.00,0,0,0.00,0.00,0.00,0,0,0.00,0.00,0,0
1727456653.506326,s1_0-eth4,0.00,0.00,0.00,0,0,0.00,0.00,0.00,0,0,0.00,0.00,0,0
1727456654.507411,s1_0-eth4,0.00,0.00,0.00,0,0,0.00,0.00,0.00,0,0,0.00,0.00,0,0
1727456655.516577,s1_0-eth4,0.00,0.00,0.00,0,0,0.00,0.00,0.00,0,0,0.00,0.00,0,0
1727456656.517908,s1_0-eth4,0.00,0.00,0.00,0,0,0.00,0.00,0.00,0,0,0.00,0.00,0,0
1727456657.520263,s1_0-eth4,97.80,0.00,97.80,0,98,1.00,0.00,1.00,0,1,0.00,0.00,0,0
1727456658.521468,s1_0-eth4,0.00,0.00,0.00,0,0,0.00,0.00,0.00,0,0,0.00,0.00,0,0
1727456659.523009,s1_0-eth4,0.00,0.00,0.00,0,0,0.00,0.00,0.00,0,0,0.00,0.00,0,0
1727456660.524039,s1_0-eth4,0.00,0.00,0.00,0,0,0.00,0.00,0.00,0,0,0.00,0.00,0,0
1727456661.525986,s1_0-eth4,0.00,0.00,0.00,0,0,0.00,0.00,0.00,0,0,0.00,0.00,0,0
1727456662.528177,s1_0-eth4,0.00,0.00,0.00,0,0,0.00,0.00,0.00,0,0,0.00,0.00,0,0
1727456663.529390,s1_0-eth4,0.00,0.00,0.00,0,0,0.00,0.00,0.00,0,0,0.00,0.00,0,0
1727456664.530958,s1_0-eth4,0.00,0.00,0.00,0,0,0.00,0.00,0.00,0,0,0.00,0.00,0,0
1727456665.532040,s1_0-eth4,0.00,0.00,0.00,0,0,0.00,0.00,0.00,0,0,0.00,0.00,0,0
1727456666.533489,s1_0-eth4,0.00,0.00,0.00,0,0,0.00,0.00,0.00,0,0,0.00,0.00,0,0
1727456667.536164,s1_0-eth4,0.00,0.00,0.00,0,0,0.00,0.00,0.00,0,0,0.00,0.00,0,0
1727456668.538353,s1_0-eth4,0.00,0.00,0.00,0,0,0.00,0.00,0.00,0,0,0.00,0.00,0,0
1727456669.539685,s1_0-eth4,0.00,0.00,0.00,0,0,0.00,0.00,0.00,0,0,0.00,0.00,0,0
1727456670.541522,s1_0-eth4,0.00,0.00,0.00,0,0,0.00,0.00,0.00,0,0,0.00,0.00,0,0
1727456671.543156,s1_0-eth4,0.00,0.00,0.00,0,0,0.00,0.00,0.00,0,0,0.00,0.00,0,0
1727456672.545242,s1_0-eth4,0.00,0.00,0.00,0,0,0.00,0.00,0.00,0,0,0.00,0.00,0,0
1727456673.546427,s1_0-eth4,0.00,0.00,0.00,0,0,0.00,0.00,0.00,0,0,0.00,0.00,0,0
1727456674.547848,s1_0-eth4,0.00,0.00,0.00,0,0,0.00,0.00,0.00,0,0,0.00,0.00,0,0
1727456675.548995,s1_0-eth4,0.00,0.00,0.00,0,0,0.00,0.00,0.00,0,0,0.00,0.00,0,0
1727456676.550060,s1_0-eth4,0.00,0.00,0.00,0,0,0.00,0.00,0.00,0,0,0.00,0.00,0,0
1727456677.552225,s1_0-eth4,0.00,0.00,0.00,0,0,0.00,0.00,0.00,0,0,0.00,0.00,0,0
1727456678.553967,s1_0-eth4,0.00,0.00,0.00,0,0,0.00,0.00,0.00,0,0,0.00,0.00,0,0
1727456679.555344,s1_0-eth4,0.00,0.00,0.00,0,0,0.00,0.00,0.00,0,0,0.00,0.00,0,0
1727456680.556848,s1_0-eth4,0.00,0.00,0.00,0,0,0.00,0.00,0.00,0,0,0.00,0.00,0,0
1727456681.558225,s1_0-eth4,0.00,0.00,0.00,0,0,0.00,0.00,0.00,0,0,0.00,0.00,0,0
1727456682.560143,s1_0-eth4,0.00,0.00,0.00,0,0,0.00,0.00,0.00,0,0,0.00,0.00,0,0
1727456683.561598,s1_0-eth4,0.00,0.00,0.00,0,0,0.00,0.00,0.00,0,0,0.00,0.00,0,0
1727456684.562673,s1_0-eth4,0.00,0.00,0.00,0,0,0.00,0.00,0.00,0,0,0.00,0.00,0,0
1727456685.564417,s1_0-eth4,0.00,0.00,0.00,0,0,0.00,0.00,0.00,0,0,0.00,0.00,0,0
1727456686.566211,s1_0-eth4,0.00,0.00,0.00,0,0,0.00,0.00,0.00,0,0,0.00,0.00,0,0
1727456687.568197,s1_0-eth4,0.00,0.00,0.00,0,0,0.00,0.00,0.00,0,0,0.00,0.00,0,0
1727456688.569708,s1_0-eth4,97.90,0.00,97.90,0,98,1.00,0.00,1.00,0,1,0.00,0.00,0,0
1727456689.571241,s1_0-eth4,0.00,0.00,0.00,0,0,0.00,0.00,0.00,0,0,0.00,0.00,0,0
1727456690.572516,s1_0-eth4,0.00,0.00,0.00,0,0,0.00,0.00,0.00,0,0,0.00,0.00,0,0
1727456691.573718,s1_0-eth4,0.00,0.00,0.00,0,0,0.00,0.00,0.00,0,0,0.00,0.00,0,0
1727456692.575249,s1_0-eth4,0.00,0.00,0.00,0,0,0.00,0.00,0.00,0,0,0.00,0.00,0,0
1727456693.576401,s1_0-eth4,0.00,0.00,0.00,0,0,0.00,0.00,0.00,0,0,0.00,0.00,0,0
1727456694.577351,s1_0-eth4,0.00,0.00,0.00,0,0,0.00,0.00,0.00,0,0,0.00,0.00,0,0
1727456695.578902,s1_0-eth4,0.00,0.00,0.00,0,0,0.00,0.00,0.00,0,0,0.00,0.00,0,0
1727456696.580149,s1_0-eth4,97.90,0.00,97.90,0,98,1.00,0.00,1.00,0,1,0.00,0.00,0,0
1727456697.582574,s1_0-eth4,97.80,0.00,97.80,0,98,1.00,0.00,1.00,0,1,0.00,0.00,0,0
1727456698.584293,s1_0-eth4,0.00,0.00,0.00,0,0,0.00,0.00,0.00,0,0,0.00,0.00,0,0
1727456699.586085,s1_0-eth4,0.00,0.00,0.00,0,0,0.00,0.00,0.00,0,0,0.00,0.00,0,0
1727456700.587181,s1_0-eth4,0.00,0.00,0.00,0,0,0.00,0.00,0.00,0,0,0.00,0.00,0,0
1727456701.588345,s1_0-eth4,97.90,0.00,97.90,0,98,1.00,0.00,1.00,0,1,0.00,0.00,0,0
1727456702.590293,s1_0-eth4,0.00,0.00,0.00,0,0,0.00,0.00,0.00,0,0,0.00,0.00,0,0
1727456703.592228,s1_0-eth4,0.00,0.00,0.00,0,0,0.00,0.00,0.00,0,0,0.00,0.00,0,0
1727456704.593624,s1_0-eth4,0.00,0.00,0.00,0,0,0.00,0.00,0.00,0,0,0.00,0.00,0,0
1727456705.594934,s1_0-eth4,0.00,0.00,0.00,0,0,0.00,0.00,0.00,0,0,0.00,0.00,0,0
1727456706.595947,s1_0-eth4,97.90,0.00,97.90,0,98,1.00,0.00,1.00,0,1,0.00,0.00,0,0
1727456707.597339,s1_0-eth4,0.00,0.00,0.00,0,0,0.00,0.00,0.00,0,0,0.00,0.00,0,0
1727456708.598819,s1_0-eth4,0.00,0.00,0.00,0,0,0.00,0.00,0.00,0,0,0.00,0.00,0,0
1727456709.600616,s1_0-eth4,0.00,0.00,0.00,0,0,0.00,0.00,0.00,0,0,0.00,0.00,0,0
1727456710.601772,s1_0-eth4,0.00,0.00,0.00,0,0,0.00,0.00,0.00,0,0,0.00,0.00,0,0
1727456711.602802,s1_0-eth4,0.00,0.00,0.00,0,0,0.00,0.00,0.00,0,0,0.00,0.00,0,0
1727456712.604580,s1_0-eth4,0.00,0.00,0.00,0,0,0.00,0.00,0.00,0,0,0.00,0.00,0,0
1727456713.605703,s1_0-eth4,0.00,0.00,0.00,0,0,0.00,0.00,0.00,0,0,0.00,0.00,0,0
1727456714.607054,s1_0-eth4,0.00,0.00,0.00,0,0,0.00,0.00,0.00,0,0,0.00,0.00,0,0
1727456715.608494,s1_0-eth4,0.00,0.00,0.00,0,0,0.00,0.00,0.00,0,0,0.00,0.00,0,0
1727456716.609713,s1_0-eth4,0.00,0.00,0.00,0,0,0.00,0.00,0.00,0,0,0.00,0.00,0,0
1727456717.610660,s1_0-eth4,0.00,0.00,0.00,0,0,0.00,0.00,0.00,0,0,0.00,0.00,0,0
1727456718.612111,s1_0-eth4,0.00,0.00,0.00,0,0,0.00,0.00,0.00,0,0,0.00,0.00,0,0
1727456719.613479,s1_0-eth4,0.00,0.00,0.00,0,0,0.00,0.00,0.00,0,0,0.00,0.00,0,0
1727456720.614242,s1_0-eth4,0.00,0.00,0.00,0,0,0.00,0.00,0.00,0,0,0.00,0.00,0,0
1727456721.615311,s1_0-eth4,97.90,0.00,97.90,0,98,1.00,0.00,1.00,0,1,0.00,0.00,0,0
1727456722.616932,s1_0-eth4,97.90,0.00,97.90,0,98,1.00,0.00,1.00,0,1,0.00,0.00,0,0
1727456723.618437,s1_0-eth4,0.00,0.00,0.00,0,0,0.00,0.00,0.00,0,0,0.00,0.00,0,0
1727456724.620193,s1_0-eth4,97.90,0.00,97.90,0,98,1.00,0.00,1.00,0,1,0.00,0.00,0,0
1727456725.621689,s1_0-eth4,0.00,0.00,0.00,0,0,0.00,0.00,0.00,0,0,0.00,0.00,0,0
1727456726.622869,s1_0-eth4,0.00,0.00,0.00,0,0,0.00,0.00,0.00,0,0,0.00,0.00,0,0
1727456727.625133,s1_0-eth4,0.00,0.00,0.00,0,0,0.00,0.00,0.00,0,0,0.00,0.00,0,0
1727456728.626412,s1_0-eth4,0.00,0.00,0.00,0,0,0.00,0.00,0.00,0,0,0.00,0.00,0,0
1727456729.628115,s1_0-eth4,0.00,0.00,0.00,0,0,0.00,0.00,0.00,0,0,0.00,0.00,0,0
1727456730.629482,s1_0-eth4,0.00,0.00,0.00,0,0,0.00,0.00,0.00,0,0,0.00,0.00,0,0
1727456731.634956,s1_0-eth4,97.51,0.00,97.51,0,98,1.00,0.00,1.00,0,1,0.00,0.00,0,0
1727456732.636681,s1_0-eth4,0.00,0.00,0.00,0,0,0.00,0.00,0.00,0,0,0.00,0.00,0,0
1727456733.637988,s1_0-eth4,0.00,0.00,0.00,0,0,0.00,0.00,0.00,0,0,0.00,0.00,0,0
1727456734.639658,s1_0-eth4,0.00,0.00,0.00,0,0,0.00,0.00,0.00,0,0,0.00,0.00,0,0
1727456735.641055,s1_0-eth4,0.00,0.00,0.00,0,0,0.00,0.00,0.00,0,0,0.00,0.00,0,0
1727456736.642145,s1_0-eth4,0.00,0.00,0.00,0,0,0.00,0.00,0.00,0,0,0.00,0.00,0,0
1727456737.652144,s1_0-eth4,0.00,0.00,0.00,0,0,0.00,0.00,0.00,0,0,0.00,0.00,0,0
1727456738.653353,s1_0-eth4,0.00,0.00,0.00,0,0,0.00,0.00,0.00,0,0,0.00,0.00,0,0
1727456739.654630,s1_0-eth4,0.00,0.00,0.00,0,0,0.00,0.00,0.00,0,0,0.00,0.00,0,0
1727456740.656049,s1_0-eth4,0.00,0.00,0.00,0,0,0.00,0.00,0.00,0,0,0.00,0.00,0,0
1727456741.657702,s1_0-eth4,0.00,0.00,0.00,0,0,0.00,0.00,0.00,0,0,0.00,0.00,0,0
1727456742.659720,s1_0-eth4,0.00,0.00,0.00,0,0,0.00,0.00,0.00,0,0,0.00,0.00,0,0
1727456743.661309,s1_0-eth4,0.00,0.00,0.00,0,0,0.00,0.00,0.00,0,0,0.00,0.00,0,0
1727456744.662276,s1_0-eth4,0.00,0.00,0.00,0,0,0.00,0.00,0.00,0,0,0.00,0.00,0,0
1727456745.663946,s1_0-eth4,97.90,0.00,97.90,0,98,1.00,0.00,1.00,0,1,0.00,0.00,0,0
1727456746.664699,s1_0-eth4,0.00,0.00,0.00,0,0,0.00,0.00,0.00,0,0,0.00,0.00,0,0
1727456747.666541,s1_0-eth4,0.00,0.00,0.00,0,0,0.00,0.00,0.00,0,0,0.00,0.00,0,0
1727456748.668303,s1_0-eth4,0.00,0.00,0.00,0,0,0.00,0.00,0.00,0,0,0.00,0.00,0,0
1727456749.669916,s1_0-eth4,0.00,0.00,0.00,0,0,0.00,0.00,0.00,0,0,0.00,0.00,0,0
1727456750.671522,s1_0-eth4,97.90,0.00,97.90,0,98,1.00,0.00,1.00,0,1,0.00,0.00,0,0
1727456751.672963,s1_0-eth4,97.90,0.00,97.90,0,98,1.00,0.00,1.00,0,1,0.00,0.00,0,0
1727456752.674389,s1_0-eth4,0.00,0.00,0.00,0,0,0.00,0.00,0.00,0,0,0.00,0.00,0,0
1727456753.674933,s1_0-eth4,0.00,0.00,0.00,0,0,0.00,0.00,0.00,0,0,0.00,0.00,0,0
1727456754.675883,s1_0-eth4,98.00,0.00,98.00,0,98,1.00,0.00,1.00,0,1,0.00,0.00,0,0
1727456755.676928,s1_0-eth4,97.90,0.00,97.90,0,98,1.00,0.00,1.00,0,1,0.00,0.00,0,0
1727456756.677781,s1_0-eth4,0.00,0.00,0.00,0,0,0.00,0.00,0.00,0,0,0.00,0.00,0,0
1727456757.679060,s1_0-eth4,0.00,0.00,0.00,0,0,0.00,0.00,0.00,0,0,0.00,0.00,0,0
1727456758.680713,s1_0-eth4,0.00,0.00,0.00,0,0,0.00,0.00,0.00,0,0,0.00,0.00,0,0
1727456759.681821,s1_0-eth4,0.00,0.00,0.00,0,0,0.00,0.00,0.00,0,0,0.00,0.00,0,0
1727456760.684745,s1_0-eth4,0.00,0.00,0.00,0,0,0.00,0.00,0.00,0,0,0.00,0.00,0,0
1727456761.685866,s1_0-eth4,0.00,0.00,0.00,0,0,0.00,0.00,0.00,0,0,0.00,0.00,0,0
1727456762.688270,s1_0-eth4,0.00,0.00,0.00,0,0,0.00,0.00,0.00,0,0,0.00,0.00,0,0
1727456763.689385,s1_0-eth4,0.00,0.00,0.00,0,0,0.00,0.00,0.00,0,0,0.00,0.00,0,0
1727456764.690625,s1_0-eth4,0.00,0.00,0.00,0,0,0.00,0.00,0.00,0,0,0.00,0.00,0,0
1727456765.693365,s1_0-eth4,0.00,0.00,0.00,0,0,0.00,0.00,0.00,0,0,0.00,0.00,0,0
1727456766.694296,s1_0-eth4,0.00,0.00,0.00,0,0,0.00,0.00,0.00,0,0,0.00,0.00,0,0
1727456767.695151,s1_0-eth4,98.00,0.00,98.00,0,98,1.00,0.00,1.00,0,1,0.00,0.00,0,0
1727456768.695552,s1_0-eth4,98.00,0.00,98.00,0,98,1.00,0.00,1.00,0,1,0.00,0.00,0,0
1727456769.697097,s1_0-eth4,0.00,0.00,0.00,0,0,0.00,0.00,0.00,0,0,0.00,0.00,0,0
1727456770.698861,s1_0-eth4,0.00,0.00,0.00,0,0,0.00,0.00,0.00,0,0,0.00,0.00,0,0
1727456771.699451,s1_0-eth4,98.00,0.00,98.00,0,98,1.00,0.00,1.00,0,1,0.00,0.00,0,0
1727456772.700795,s1_0-eth4,0.00,0.00,0.00,0,0,0.00,0.00,0.00,0,0,0.00,0.00,0,0
1727456773.701669,s1_0-eth4,0.00,0.00,0.00,0,0,0.00,0.00,0.00,0,0,0.00,0.00,0,0
1727456774.702550,s1_0-eth4,98.00,0.00,98.00,0,98,1.00,0.00,1.00,0,1,0.00,0.00,0,0
1727456775.703376,s1_0-eth4,0.00,0.00,0.00,0,0,0.00,0.00,0.00,0,0,0.00,0.00,0,0
1727456776.703773,s1_0-eth4,0.00,0.00,0.00,0,0,0.00,0.00,0.00,0,0,0.00,0.00,0,0
1727456777.704500,s1_0-eth4,98.00,0.00,98.00,0,98,1.00,0.00,1.00,0,1,0.00,0.00,0,0
1727456778.705438,s1_0-eth4,0.00,0.00,0.00,0,0,0.00,0.00,0.00,0,0,0.00,0.00,0,0
1727456779.706022,s1_0-eth4,0.00,0.00,0.00,0,0,0.00,0.00,0.00,0,0,0.00,0.00,0,0
1727456780.707302,s1_0-eth4,0.00,0.00,0.00,0,0,0.00,0.00,0.00,0,0,0.00,0.00,0,0
1727456781.709443,s1_0-eth4,0.00,0.00,0.00,0,0,0.00,0.00,0.00,0,0,0.00,0.00,0,0
1727456782.710779,s1_0-eth4,0.00,0.00,0.00,0,0,0.00,0.00,0.00,0,0,0.00,0.00,0,0
1727456783.711827,s1_0-eth4,0.00,0.00,0.00,0,0,0.00,0.00,0.00,0,0,0.00,0.00,0,0
1727456784.713296,s1_0-eth4,97.90,0.00,97.90,0,98,1.00,0.00,1.00,0,1,0.00,0.00,0,0
1727456785.714388,s1_0-eth4,0.00,0.00,0.00,0,0,0.00,0.00,0.00,0,0,0.00,0.00,0,0
1727456786.715380,s1_0-eth4,0.00,0.00,0.00,0,0,0.00,0.00,0.00,0,0,0.00,0.00,0,0
1727456787.717505,s1_0-eth4,0.00,0.00,0.00,0,0,0.00,0.00,0.00,0,0,0.00,0.00,0,0
1727456788.718718,s1_0-eth4,0.00,0.00,0.00,0,0,0.00,0.00,0.00,0,0,0.00,0.00,0,0
1727456789.719477,s1_0-eth4,0.00,0.00,0.00,0,0,0.00,0.00,0.00,0,0,0.00,0.00,0,0
1727456790.720893,s1_0-eth4,97.90,0.00,97.90,0,98,1.00,0.00,1.00,0,1,0.00,0.00,0,0
1727456791.721936,s1_0-eth4,0.00,0.00,0.00,0,0,0.00,0.00,0.00,0,0,0.00,0.00,0,0
1727456792.724263,s1_0-eth4,0.00,0.00,0.00,0,0,0.00,0.00,0.00,0,0,0.00,0.00,0,0
1727456793.725921,s1_0-eth4,97.90,0.00,97.90,0,98,1.00,0.00,1.00,0,1,0.00,0.00,0,0
1727456794.727352,s1_0-eth4,0.00,0.00,0.00,0,0,0.00,0.00,0.00,0,0,0.00,0.00,0,0
1727456795.728614,s1_0-eth4,0.00,0.00,0.00,0,0,0.00,0.00,0.00,0,0,0.00,0.00,0,0
1727456796.730262,s1_0-eth4,0.00,0.00,0.00,0,0,0.00,0.00,0.00,0,0,0.00,0.00,0,0
1727456797.733943,s1_0-eth4,0.00,0.00,0.00,0,0,0.00,0.00,0.00,0,0,0.00,0.00,0,0
1727456798.735709,s1_0-eth4,97.90,0.00,97.90,0,98,1.00,0.00,1.00,0,1,0.00,0.00,0,0
1727456799.736531,s1_0-eth4,0.00,0.00,0.00,0,0,0.00,0.00,0.00,0,0,0.00,0.00,0,0
1727456800.738933,s1_0-eth4,0.00,0.00,0.00,0,0,0.00,0.00,0.00,0,0,0.00,0.00,0,0
1727456801.739971,s1_0-eth4,0.00,0.00,0.00,0,0,0.00,0.00,0.00,0,0,0.00,0.00,0,0
1727456802.741049,s1_0-eth4,0.00,0.00,0.00,0,0,0.00,0.00,0.00,0,0,0.00,0.00,0,0
1727456803.742503,s1_0-eth4,0.00,0.00,0.00,0,0,0.00,0.00,0.00,0,0,0.00,0.00,0,0
1727456804.743891,s1_0-eth4,97.90,0.00,97.90,0,98,1.00,0.00,1.00,0,1,0.00,0.00,0,0
1727456805.746658,s1_0-eth4,0.00,0.00,0.00,0,0,0.00,0.00,0.00,0,0,0.00,0.00,0,0
1727456806.747855,s1_0-eth4,0.00,0.00,0.00,0,0,0.00,0.00,0.00,0,0,0.00,0.00,0,0
1727456807.748695,s1_0-eth4,0.00,0.00,0.00,0,0,0.00,0.00,0.00,0,0,0.00,0.00,0,0
1727456808.749432,s1_0-eth4,0.00,0.00,0.00,0,0,0.00,0.00,0.00,0,0,0.00,0.00,0,0
1727456809.768140,s1_0-eth4,0.00,0.00,0.00,0,0,0.00,0.00,0.00,0,0,0.00,0.00,0,0
1727456810.771710,s1_0-eth4,0.00,0.00,0.00,0,0,0.00,0.00,0.00,0,0,0.00,0.00,0,0
1727456811.773270,s1_0-eth4,0.00,0.00,0.00,0,0,0.00,0.00,0.00,0,0,0.00,0.00,0,0
1727456812.775266,s1_0-eth4,0.00,0.00,0.00,0,0,0.00,0.00,0.00,0,0,0.00,0.00,0,0
1727456813.776642,s1_0-eth4,0.00,0.00,0.00,0,0,0.00,0.00,0.00,0,0,0.00,0.00,0,0
1727456814.778084,s1_0-eth4,0.00,0.00,0.00,0,0,0.00,0.00,0.00,0,0,0.00,0.00,0,0
1727456815.779875,s1_0-eth4,0.00,0.00,0.00,0,0,0.00,0.00,0.00,0,0,0.00,0.00,0,0
1727456816.781712,s1_0-eth4,0.00,0.00,0.00,0,0,0.00,0.00,0.00,0,0,0.00,0.00,0,0
1727456817.783514,s1_0-eth4,0.00,0.00,0.00,0,0,0.00,0.00,0.00,0,0,0.00,0.00,0,0
1727456818.785254,s1_0-eth4,0.00,0.00,0.00,0,0,0.00,0.00,0.00,0,0,0.00,0.00,0,0
1727456819.786035,s1_0-eth4,0.00,0.00,0.00,0,0,0.00,0.00,0.00,0,0,0.00,0.00,0,0
1727456820.787639,s1_0-eth4,0.00,0.00,0.00,0,0,0.00,0.00,0.00,0,0,0.00,0.00,0,0
1727456821.788690,s1_0-eth4,0.00,0.00,0.00,0,0,0.00,0.00,0.00,0,0,0.00,0.00,0,0
1727456822.790669,s1_0-eth4,0.00,0.00,0.00,0,0,0.00,0.00,0.00,0,0,0.00,0.00,0,0
1727456823.791697,s1_0-eth4,0.00,0.00,0.00,0,0,0.00,0.00,0.00,0,0,0.00,0.00,0,0
1727456824.793403,s1_0-eth4,97.90,0.00,97.90,0,98,1.00,0.00,1.00,0,1,0.00,0.00,0,0
1727456825.794444,s1_0-eth4,0.00,0.00,0.00,0,0,0.00,0.00,0.00,0,0,0.00,0.00,0,0
1727456826.795068,s1_0-eth4,0.00,0.00,0.00,0,0,0.00,0.00,0.00,0,0,0.00,0.00,0,0
1727456827.795510,s1_0-eth4,98.00,0.00,98.00,0,98,1.00,0.00,1.00,0,1,0.00,0.00,0,0
1727456828.795905,s1_0-eth4,0.00,0.00,0.00,0,0,0.00,0.00,0.00,0,0,0.00,0.00,0,0
1727456829.797144,s1_0-eth4,97.90,0.00,97.90,0,98,1.00,0.00,1.00,0,1,0.00,0.00,0,0
1727456830.797919,s1_0-eth4,0.00,0.00,0.00,0,0,0.00,0.00,0.00,0,0,0.00,0.00,0,0
1727456831.798345,s1_0-eth4,0.00,0.00,0.00,0,0,0.00,0.00,0.00,0,0,0.00,0.00,0,0
1727456832.800032,s1_0-eth4,0.00,0.00,0.00,0,0,0.00,0.00,0.00,0,0,0.00,0.00,0,0
1727456833.801854,s1_0-eth4,0.00,0.00,0.00,0,0,0.00,0.00,0.00,0,0,0.00,0.00,0,0
1727456834.804243,s1_0-eth4,0.00,0.00,0.00,0,0,0.00,0.00,0.00,0,0,0.00,0.00,0,0
1727456835.805259,s1_0-eth4,0.00,0.00,0.00,0,0,0.00,0.00,0.00,0,0,0.00,0.00,0,0
1727456836.808258,s1_0-eth4,0.00,0.00,0.00,0,0,0.00,0.00,0.00,0,0,0.00,0.00,0,0
1727456837.810039,s1_0-eth4,97.90,0.00,97.90,0,98,1.00,0.00,1.00,0,1,0.00,0.00,0,0
1727456838.812751,s1_0-eth4,0.00,0.00,0.00,0,0,0.00,0.00,0.00,0,0,0.00,0.00,0,0
1727456839.813855,s1_0-eth4,0.00,0.00,0.00,0,0,0.00,0.00,0.00,0,0,0.00,0.00,0,0
1727456840.814344,s1_0-eth4,0.00,0.00,0.00,0,0,0.00,0.00,0.00,0,0,0.00,0.00,0,0
1727456841.815188,s1_0-eth4,0.00,0.00,0.00,0,0,0.00,0.00,0.00,0,0,0.00,0.00,0,0
1727456842.816378,s1_0-eth4,0.00,0.00,0.00,0,0,0.00,0.00,0.00,0,0,0.00,0.00,0,0
1727456843.817122,s1_0-eth4,98.00,0.00,98.00,0,98,1.00,0.00,1.00,0,1,0.00,0.00,0,0
1727456844.817768,s1_0-eth4,0.00,0.00,0.00,0,0,0.00,0.00,0.00,0,0,0.00,0.00,0,0
1727456845.818858,s1_0-eth4,0.00,0.00,0.00,0,0,0.00,0.00,0.00,0,0,0.00,0.00,0,0
1727456846.819685,s1_0-eth4,0.00,0.00,0.00,0,0,0.00,0.00,0.00,0,0,0.00,0.00,0,0
1727456847.821679,s1_0-eth4,97.90,0.00,97.90,0,98,1.00,0.00,1.00,0,1,0.00,0.00,0,0
1727456848.822105,s1_0-eth4,0.00,0.00,0.00,0,0,0.00,0.00,0.00,0,0,0.00,0.00,0,0
1727456849.822666,s1_0-eth4,0.00,0.00,0.00,0,0,0.00,0.00,0.00,0,0,0.00,0.00,0,0
1727456850.823303,s1_0-eth4,0.00,0.00,0.00,0,0,0.00,0.00,0.00,0,0,0.00,0.00,0,0
1727456851.823863,s1_0-eth4,0.00,0.00,0.00,0,0,0.00,0.00,0.00,0,0,0.00,0.00,0,0
1727456852.824261,s1_0-eth4,0.00,0.00,0.00,0,0,0.00,0.00,0.00,0,0,0.00,0.00,0,0
1727456853.826268,s1_0-eth4,0.00,0.00,0.00,0,0,0.00,0.00,0.00,0,0,0.00,0.00,0,0
1727456854.826648,s1_0-eth4,0.00,0.00,0.00,0,0,0.00,0.00,0.00,0,0,0.00,0.00,0,0
1727456855.827125,s1_0-eth4,0.00,0.00,0.00,0,0,0.00,0.00,0.00,0,0,0.00,0.00,0,0
1727456856.827944,s1_0-eth4,0.00,0.00,0.00,0,0,0.00,0.00,0.00,0,0,0.00,0.00,0,0
1727456857.829010,s1_0-eth4,97.90,0.00,97.90,0,98,1.00,0.00,1.00,0,1,0.00,0.00,0,0
1727456858.829823,s1_0-eth4,0.00,0.00,0.00,0,0,0.00,0.00,0.00,0,0,0.00,0.00,0,0
1727456859.832018,s1_0-eth4,97.80,0.00,97.80,0,98,1.00,0.00,1.00,0,1,0.00,0.00,0,0
1727456860.833066,s1_0-eth4,0.00,0.00,0.00,0,0,0.00,0.00,0.00,0,0,0.00,0.00,0,0
1727456861.833906,s1_0-eth4,0.00,0.00,0.00,0,0,0.00,0.00,0.00,0,0,0.00,0.00,0,0
1727456862.835415,s1_0-eth4,0.00,0.00,0.00,0,0,0.00,0.00,0.00,0,0,0.00,0.00,0,0
1727456863.836220,s1_0-eth4,0.00,0.00,0.00,0,0,0.00,0.00,0.00,0,0,0.00,0.00,0,0
1727456864.838090,s1_0-eth4,0.00,0.00,0.00,0,0,0.00,0.00,0.00,0,0,0.00,0.00,0,0
1727456865.838889,s1_0-eth4,98.00,0.00,98.00,0,98,1.00,0.00,1.00,0,1,0.00,0.00,0,0
1727456866.839380,s1_0-eth4,0.00,0.00,0.00,0,0,0.00,0.00,0.00,0,0,0.00,0.00,0,0
1727456867.840360,s1_0-eth4,0.00,0.00,0.00,0,0,0.00,0.00,0.00,0,0,0.00,0.00,0,0
1727456868.842166,s1_0-eth4,97.90,0.00,97.90,0,98,1.00,0.00,1.00,0,1,0.00,0.00,0,0
1727456869.842608,s1_0-eth4,0.00,0.00,0.00,0,0,0.00,0.00,0.00,0,0,0.00,0.00,0,0
1727456870.842987,s1_0-eth4,0.00,0.00,0.00,0,0,0.00,0.00,0.00,0,0,0.00,0.00,0,0
1727456871.843928,s1_0-eth4,0.00,0.00,0.00,0,0,0.00,0.00,0.00,0,0,0.00,0.00,0,0
1727456872.845594,s1_0-eth4,0.00,0.00,0.00,0,0,0.00,0.00,0.00,0,0,0.00,0.00,0,0
1727456873.846096,s1_0-eth4,0.00,0.00,0.00,0,0,0.00,0.00,0.00,0,0,0.00,0.00,0,0
1727456874.852013,s1_0-eth4,97.51,0.00,97.51,0,98,1.00,0.00,1.00,0,1,0.00,0.00,0,0
1727456875.856808,s1_0-eth4,97.61,0.00,97.61,0,98,1.00,0.00,1.00,0,1,0.00,0.00,0,0
1727456876.858035,s1_0-eth4,97.90,0.00,97.90,0,98,1.00,0.00,1.00,0,1,0.00,0.00,0,0
1727456877.859272,s1_0-eth4,0.00,0.00,0.00,0,0,0.00,0.00,0.00,0,0,0.00,0.00,0,0
1727456878.860098,s1_0-eth4,0.00,0.00,0.00,0,0,0.00,0.00,0.00,0,0,0.00,0.00,0,0
1727456879.861124,s1_0-eth4,0.00,0.00,0.00,0,0,0.00,0.00,0.00,0,0,0.00,0.00,0,0
1727456880.862272,s1_0-eth4,0.00,0.00,0.00,0,0,0.00,0.00,0.00,0,0,0.00,0.00,0,0
1727456881.864038,s1_0-eth4,0.00,0.00,0.00,0,0,0.00,0.00,0.00,0,0,0.00,0.00,0,0
1727456882.867126,s1_0-eth4,97.71,0.00,97.71,0,98,1.00,0.00,1.00,0,1,0.00,0.00,0,0
1727456883.868549,s1_0-eth4,0.00,0.00,0.00,0,0,0.00,0.00,0.00,0,0,0.00,0.00,0,0
1727456884.869691,s1_0-eth4,0.00,0.00,0.00,0,0,0.00,0.00,0.00,0,0,0.00,0.00,0,0
1727456885.871131,s1_0-eth4,0.00,0.00,0.00,0,0,0.00,0.00,0.00,0,0,0.00,0.00,0,0
1727456886.872428,s1_0-eth4,97.90,0.00,97.90,0,98,1.00,0.00,1.00,0,1,0.00,0.00,0,0
1727456887.873778,s1_0-eth4,97.90,0.00,97.90,0,98,1.00,0.00,1.00,0,1,0.00,0.00,0,0
1727456888.875125,s1_0-eth4,0.00,0.00,0.00,0,0,0.00,0.00,0.00,0,0,0.00,0.00,0,0
1727456889.876031,s1_0-eth4,0.00,0.00,0.00,0,0,0.00,0.00,0.00,0,0,0.00,0.00,0,0
1727456890.878214,s1_0-eth4,0.00,0.00,0.00,0,0,0.00,0.00,0.00,0,0,0.00,0.00,0,0
1727456891.879867,s1_0-eth4,0.00,0.00,0.00,0,0,0.00,0.00,0.00,0,0,0.00,0.00,0,0
1727456892.880578,s1_0-eth4,0.00,0.00,0.00,0,0,0.00,0.00,0.00,0,0,0.00,0.00,0,0
1727456893.881666,s1_0-eth4,0.00,0.00,0.00,0,0,0.00,0.00,0.00,0,0,0.00,0.00,0,0
1727456894.883054,s1_0-eth4,0.00,0.00,0.00,0,0,0.00,0.00,0.00,0,0,0.00,0.00,0,0
1727456895.884067,s1_0-eth4,0.00,0.00,0.00,0,0,0.00,0.00,0.00,0,0,0.00,0.00,0,0
1727456896.885585,s1_0-eth4,0.00,0.00,0.00,0,0,0.00,0.00,0.00,0,0,0.00,0.00,0,0
1727456897.887523,s1_0-eth4,0.00,0.00,0.00,0,0,0.00,0.00,0.00,0,0,0.00,0.00,0,0
1727456898.888785,s1_0-eth4,0.00,0.00,0.00,0,0,0.00,0.00,0.00,0,0,0.00,0.00,0,0
1727456899.890421,s1_0-eth4,0.00,0.00,0.00,0,0,0.00,0.00,0.00,0,0,0.00,0.00,0,0
1727456900.891698,s1_0-eth4,0.00,0.00,0.00,0,0,0.00,0.00,0.00,0,0,0.00,0.00,0,0
1727456901.892453,s1_0-eth4,0.00,0.00,0.00,0,0,0.00,0.00,0.00,0,0,0.00,0.00,0,0
1727456902.893307,s1_0-eth4,98.00,0.00,98.00,0,98,1.00,0.00,1.00,0,1,0.00,0.00,0,0
1727456903.894146,s1_0-eth4,0.00,0.00,0.00,0,0,0.00,0.00,0.00,0,0,0.00,0.00,0,0
1727456904.895807,s1_0-eth4,97.90,0.00,97.90,0,98,1.00,0.00,1.00,0,1,0.00,0.00,0,0
1727456905.897454,s1_0-eth4,97.90,0.00,97.90,0,98,1.00,0.00,1.00,0,1,0.00,0.00,0,0
1727456906.899678,s1_0-eth4,0.00,0.00,0.00,0,0,0.00,0.00,0.00,0,0,0.00,0.00,0,0
1727456907.900835,s1_0-eth4,0.00,0.00,0.00,0,0,0.00,0.00,0.00,0,0,0.00,0.00,0,0
1727456908.907947,s1_0-eth4,97.32,0.00,97.32,0,98,0.99,0.00,0.99,0,1,0.00,0.00,0,0
1727456909.912788,s1_0-eth4,97.61,0.00,97.61,0,98,1.00,0.00,1.00,0,1,0.00,0.00,0,0
1727456910.913885,s1_0-eth4,97.90,0.00,97.90,0,98,1.00,0.00,1.00,0,1,0.00,0.00,0,0
1727456911.915401,s1_0-eth4,0.00,0.00,0.00,0,0,0.00,0.00,0.00,0,0,0.00,0.00,0,0
1727456912.917967,s1_0-eth4,97.80,0.00,97.80,0,98,1.00,0.00,1.00,0,1,0.00,0.00,0,0
1727456913.919097,s1_0-eth4,0.00,0.00,0.00,0,0,0.00,0.00,0.00,0,0,0.00,0.00,0,0
1727456914.920322,s1_0-eth4,0.00,0.00,0.00,0,0,0.00,0.00,0.00,0,0,0.00,0.00,0,0
1727456915.921512,s1_0-eth4,0.00,0.00,0.00,0,0,0.00,0.00,0.00,0,0,0.00,0.00,0,0
1727456916.922389,s1_0-eth4,98.00,0.00,98.00,0,98,1.00,0.00,1.00,0,1,0.00,0.00,0,0
1727456917.923787,s1_0-eth4,0.00,0.00,0.00,0,0,0.00,0.00,0.00,0,0,0.00,0.00,0,0
1727456918.925147,s1_0-eth4,0.00,0.00,0.00,0,0,0.00,0.00,0.00,0,0,0.00,0.00,0,0
1727456919.926259,s1_0-eth4,0.00,0.00,0.00,0,0,0.00,0.00,0.00,0,0,0.00,0.00,0,0
1727456920.928216,s1_0-eth4,97.90,0.00,97.90,0,98,1.00,0.00,1.00,0,1,0.00,0.00,0,0
1727456921.929919,s1_0-eth4,0.00,0.00,0.00,0,0,0.00,0.00,0.00,0,0,0.00,0.00,0,0
1727456922.931472,s1_0-eth4,0.00,0.00,0.00,0,0,0.00,0.00,0.00,0,0,0.00,0.00,0,0
1727456923.932820,s1_0-eth4,0.00,0.00,0.00,0,0,0.00,0.00,0.00,0,0,0.00,0.00,0,0
1727456924.934378,s1_0-eth4,97.90,0.00,97.90,0,98,1.00,0.00,1.00,0,1,0.00,0.00,0,0
1727456925.935500,s1_0-eth4,0.00,0.00,0.00,0,0,0.00,0.00,0.00,0,0,0.00,0.00,0,0
1727456926.937735,s1_0-eth4,0.00,0.00,0.00,0,0,0.00,0.00,0.00,0,0,0.00,0.00,0,0
1727456927.939001,s1_0-eth4,97.90,0.00,97.90,0,98,1.00,0.00,1.00,0,1,0.00,0.00,0,0
1727456928.940451,s1_0-eth4,0.00,0.00,0.00,0,0,0.00,0.00,0.00,0,0,0.00,0.00,0,0
1727456929.941697,s1_0-eth4,0.00,0.00,0.00,0,0,0.00,0.00,0.00,0,0,0.00,0.00,0,0
1727456930.943937,s1_0-eth4,0.00,0.00,0.00,0,0,0.00,0.00,0.00,0,0,0.00,0.00,0,0
1727456931.945714,s1_0-eth4,0.00,0.00,0.00,0,0,0.00,0.00,0.00,0,0,0.00,0.00,0,0
1727456932.946316,s1_0-eth4,0.00,0.00,0.00,0,0,0.00,0.00,0.00,0,0,0.00,0.00,0,0
1727456933.948024,s1_0-eth4,0.00,0.00,0.00,0,0,0.00,0.00,0.00,0,0,0.00,0.00,0,0
1727456934.948963,s1_0-eth4,0.00,0.00,0.00,0,0,0.00,0.00,0.00,0,0,0.00,0.00,0,0
1727456935.950135,s1_0-eth4,0.00,0.00,0.00,0,0,0.00,0.00,0.00,0,0,0.00,0.00,0,0
1727456936.951122,s1_0-eth4,98.00,0.00,98.00,0,98,1.00,0.00,1.00,0,1,0.00,0.00,0,0
1727456937.952573,s1_0-eth4,0.00,0.00,0.00,0,0,0.00,0.00,0.00,0,0,0.00,0.00,0,0
1727456938.953340,s1_0-eth4,0.00,0.00,0.00,0,0,0.00,0.00,0.00,0,0,0.00,0.00,0,0
1727456939.954039,s1_0-eth4,0.00,0.00,0.00,0,0,0.00,0.00,0.00,0,0,0.00,0.00,0,0
1727456940.955486,s1_0-eth4,97.90,0.00,97.90,0,98,1.00,0.00,1.00,0,1,0.00,0.00,0,0
1727456941.957518,s1_0-eth4,0.00,0.00,0.00,0,0,0.00,0.00,0.00,0,0,0.00,0.00,0,0
1727456942.959142,s1_0-eth4,0.00,0.00,0.00,0,0,0.00,0.00,0.00,0,0,0.00,0.00,0,0
1727456943.960469,s1_0-eth4,0.00,0.00,0.00,0,0,0.00,0.00,0.00,0,0,0.00,0.00,0,0
1727456944.961504,s1_0-eth4,0.00,0.00,0.00,0,0,0.00,0.00,0.00,0,0,0.00,0.00,0,0
1727456945.962692,s1_0-eth4,0.00,0.00,0.00,0,0,0.00,0.00,0.00,0,0,0.00,0.00,0,0
1727456946.963658,s1_0-eth4,0.00,0.00,0.00,0,0,0.00,0.00,0.00,0,0,0.00,0.00,0,0
1727456947.964347,s1_0-eth4,98.00,0.00,98.00,0,98,1.00,0.00,1.00,0,1,0.00,0.00,0,0
1727456948.964987,s1_0-eth4,0.00,0.00,0.00,0,0,0.00,0.00,0.00,0,0,0.00,0.00,0,0
1727456949.966096,s1_0-eth4,0.00,0.00,0.00,0,0,0.00,0.00,0.00,0,0,0.00,0.00,0,0
1727456950.967112,s1_0-eth4,0.00,0.00,0.00,0,0,0.00,0.00,0.00,0,0,0.00,0.00,0,0
1727456951.968913,s1_0-eth4,97.90,0.00,97.90,0,98,1.00,0.00,1.00,0,1,0.00,0.00,0,0
1727456952.970207,s1_0-eth4,0.00,0.00,0.00,0,0,0.00,0.00,0.00,0,0,0.00,0.00,0,0
1727456953.971324,s1_0-eth4,97.90,0.00,97.90,0,98,1.00,0.00,1.00,0,1,0.00,0.00,0,0
1727456954.972127,s1_0-eth4,0.00,0.00,0.00,0,0,0.00,0.00,0.00,0,0,0.00,0.00,0,0
1727456955.973311,s1_0-eth4,97.90,0.00,97.90,0,98,1.00,0.00,1.00,0,1,0.00,0.00,0,0
1727456956.974463,s1_0-eth4,97.90,0.00,97.90,0,98,1.00,0.00,1.00,0,1,0.00,0.00,0,0
1727456957.976003,s1_0-eth4,0.00,0.00,0.00,0,0,0.00,0.00,0.00,0,0,0.00,0.00,0,0
1727456958.977208,s1_0-eth4,0.00,0.00,0.00,0,0,0.00,0.00,0.00,0,0,0.00,0.00,0,0
1727456959.978284,s1_0-eth4,0.00,0.00,0.00,0,0,0.00,0.00,0.00,0,0,0.00,0.00,0,0
1727456960.978995,s1_0-eth4,0.00,0.00,0.00,0,0,0.00,0.00,0.00,0,0,0.00,0.00,0,0
1727456961.980402,s1_0-eth4,0.00,0.00,0.00,0,0,0.00,0.00,0.00,0,0,0.00,0.00,0,0
1727456962.982014,s1_0-eth4,0.00,0.00,0.00,0,0,0.00,0.00,0.00,0,0,0.00,0.00,0,0
1727456963.983504,s1_0-eth4,0.00,0.00,0.00,0,0,0.00,0.00,0.00,0,0,0.00,0.00,0,0
1727456964.985093,s1_0-eth4,0.00,0.00,0.00,0,0,0.00,0.00,0.00,0,0,0.00,0.00,0,0
1727456965.985702,s1_0-eth4,0.00,0.00,0.00,0,0,0.00,0.00,0.00,0,0,0.00,0.00,0,0
1727456966.986267,s1_0-eth4,98.00,0.00,98.00,0,98,1.00,0.00,1.00,0,1,0.00,0.00,0,0
1727456967.987579,s1_0-eth4,0.00,0.00,0.00,0,0,0.00,0.00,0.00,0,0,0.00,0.00,0,0
1727456968.988225,s1_0-eth4,0.00,0.00,0.00,0,0,0.00,0.00,0.00,0,0,0.00,0.00,0,0
1727456969.989944,s1_0-eth4,0.00,0.00,0.00,0,0,0.00,0.00,0.00,0,0,0.00,0.00,0,0
1727456970.990989,s1_0-eth4,97.90,0.00,97.90,0,98,1.00,0.00,1.00,0,1,0.00,0.00,0,0
1727456971.991826,s1_0-eth4,0.00,0.00,0.00,0,0,0.00,0.00,0.00,0,0,0.00,0.00,0,0
1727456972.992973,s1_0-eth4,0.00,0.00,0.00,0,0,0.00,0.00,0.00,0,0,0.00,0.00,0,0
1727456973.994574,s1_0-eth4,0.00,0.00,0.00,0,0,0.00,0.00,0.00,0,0,0.00,0.00,0,0
1727456974.996961,s1_0-eth4,0.00,0.00,0.00,0,0,0.00,0.00,0.00,0,0,0.00,0.00,0,0
1727456975.997920,s1_0-eth4,0.00,0.00,0.00,0,0,0.00,0.00,0.00,0,0,0.00,0.00,0,0
1727456976.998871,s1_0-eth4,0.00,0.00,0.00,0,0,0.00,0.00,0.00,0,0,0.00,0.00,0,0
1727456978.000397,s1_0-eth4,0.00,0.00,0.00,0,0,0.00,0.00,0.00,0,0,0.00,0.00,0,0
1727456979.001688,s1_0-eth4,0.00,0.00,0.00,0,0,0.00,0.00,0.00,0,0,0.00,0.00,0,0
1727456980.002785,s1_0-eth4,0.00,0.00,0.00,0,0,0.00,0.00,0.00,0,0,0.00,0.00,0,0
1727456981.003593,s1_0-eth4,98.00,0.00,98.00,0,98,1.00,0.00,1.00,0,1,0.00,0.00,0,0
1727456982.004775,s1_0-eth4,0.00,0.00,0.00,0,0,0.00,0.00,0.00,0,0,0.00,0.00,0,0
1727456983.005521,s1_0-eth4,0.00,0.00,0.00,0,0,0.00,0.00,0.00,0,0,0.00,0.00,0,0
1727456984.007066,s1_0-eth4,97.90,0.00,97.90,0,98,1.00,0.00,1.00,0,1,0.00,0.00,0,0
1727456985.007865,s1_0-eth4,0.00,0.00,0.00,0,0,0.00,0.00,0.00,0,0,0.00,0.00,0,0
1727456986.009260,s1_0-eth4,0.00,0.00,0.00,0,0,0.00,0.00,0.00,0,0,0.00,0.00,0,0
1727456987.009897,s1_0-eth4,98.00,0.00,98.00,0,98,1.00,0.00,1.00,0,1,0.00,0.00,0,0
1727456988.010351,s1_0-eth4,0.00,0.00,0.00,0,0,0.00,0.00,0.00,0,0,0.00,0.00,0,0
1727456989.010748,s1_0-eth4,0.00,0.00,0.00,0,0,0.00,0.00,0.00,0,0,0.00,0.00,0,0
1727456990.011153,s1_0-eth4,98.00,0.00,98.00,0,98,1.00,0.00,1.00,0,1,0.00,0.00,0,0
1727456991.012360,s1_0-eth4,0.00,0.00,0.00,0,0,0.00,0.00,0.00,0,0,0.00,0.00,0,0
1727456992.013913,s1_0-eth4,0.00,0.00,0.00,0,0,0.00,0.00,0.00,0,0,0.00,0.00,0,0
1727456993.015350,s1_0-eth4,0.00,0.00,0.00,0,0,0.00,0.00,0.00,0,0,0.00,0.00,0,0
1727456994.016334,s1_0-eth4,0.00,0.00,0.00,0,0,0.00,0.00,0.00,0,0,0.00,0.00,0,0
1727456995.017306,s1_0-eth4,0.00,0.00,0.00,0,0,0.00,0.00,0.00,0,0,0.00,0.00,0,0
1727456996.017850,s1_0-eth4,0.00,0.00,0.00,0,0,0.00,0.00,0.00,0,0,0.00,0.00,0,0
1727456997.018863,s1_0-eth4,0.00,0.00,0.00,0,0,0.00,0.00,0.00,0,0,0.00,0.00,0,0
1727456998.019391,s1_0-eth4,0.00,0.00,0.00,0,0,0.00,0.00,0.00,0,0,0.00,0.00,0,0
1727456999.020465,s1_0-eth4,0.00,0.00,0.00,0,0,0.00,0.00,0.00,0,0,0.00,0.00,0,0
1727457000.020802,s1_0-eth4,98.00,0.00,98.00,0,98,1.00,0.00,1.00,0,1,0.00,0.00,0,0
1727457001.021139,s1_0-eth4,0.00,0.00,0.00,0,0,0.00,0.00,0.00,0,0,0.00,0.00,0,0
1727457002.021514,s1_0-eth4,0.00,0.00,0.00,0,0,0.00,0.00,0.00,0,0,0.00,0.00,0,0
1727457003.022373,s1_0-eth4,0.00,0.00,0.00,0,0,0.00,0.00,0.00,0,0,0.00,0.00,0,0
1727457004.023979,s1_0-eth4,0.00,0.00,0.00,0,0,0.00,0.00,0.00,0,0,0.00,0.00,0,0
1727457005.025220,s1_0-eth4,97.90,0.00,97.90,0,98,1.00,0.00,1.00,0,1,0.00,0.00,0,0
1727457006.025961,s1_0-eth4,0.00,0.00,0.00,0,0,0.00,0.00,0.00,0,0,0.00,0.00,0,0
1727457007.027149,s1_0-eth4,0.00,0.00,0.00,0,0,0.00,0.00,0.00,0,0,0.00,0.00,0,0
1727457008.027982,s1_0-eth4,0.00,0.00,0.00,0,0,0.00,0.00,0.00,0,0,0.00,0.00,0,0
1727457009.028703,s1_0-eth4,0.00,0.00,0.00,0,0,0.00,0.00,0.00,0,0,0.00,0.00,0,0
1727457010.029968,s1_0-eth4,0.00,0.00,0.00,0,0,0.00,0.00,0.00,0,0,0.00,0.00,0,0
1727457011.030895,s1_0-eth4,0.00,0.00,0.00,0,0,0.00,0.00,0.00,0,0,0.00,0.00,0,0
